2.3
50
1	0.11	5.47
2	0.02	3.31
3	0.1	9.29
4	0.51	2.58
5	0.58	9.37
6	0.33	1.29
7	0.56	1.97
8	0.61	7.08
9	0.26	1.79
10	0.48	6.55
11	0.3	1.75
12	0.99	4.07
13	0.19	4.7
14	0.33	4.72
15	0.02	3.85
16	0.91	1.69
17	0.76	5.82
18	0.72	2.37
19	0.94	5.82
20	0.04	5.39
21	0.06	0.82
22	0.12	7.76
23	0.58	0.31
24	0.05	4.67
25	0.93	1.32
26	0.1	2.65
27	0.26	9.61
28	0.07	6.11
29	0.17	6.74
30	0.74	1.25
31	0.65	9.56
32	0.04	0.4
33	0.23	0.32
34	0.93	6.9
35	0.16	0.7
36	0.85	1.96
37	0.25	1.39
38	0.43	5.32
39	0.04	9.42
40	0.46	7.16
41	0.54	6.39
42	0.91	0.91
43	0.63	9.45
44	0.82	9.63
45	0.24	3.07
46	0.89	1.87
47	0.27	0.49
48	0.72	6.61
49	0.65	1.04
50	0.43	2.34
100
1	1	0	0	0	0	0	0	0	0	0	0	0	0	0	0	0	0	0	0	0	0	0	0	0	0	0	0	0	0	0	0	0	0	0	0	0	0	0	0	0	0	0	0	0	0	0	0	0	0	0
2	0	1	0	0	0	0	0	0	0	0	0	0	0	0	0	0	0	0	0	0	0	0	0	0	0	0	0	0	0	0	0	0	0	0	0	0	0	0	0	0	0	0	0	0	0	0	0	0	0	0
3	0	0	1	0	0	0	0	0	0	0	0	0	0	0	0	0	0	0	0	0	0	0	0	0	0	0	0	0	0	0	0	0	0	0	0	0	0	0	0	0	0	0	0	0	0	0	0	0	0	0
4	0	0	0	1	0	0	0	0	0	0	0	0	0	0	0	0	0	0	0	0	0	0	0	0	0	0	0	0	0	0	0	0	0	0	0	0	0	0	0	0	0	0	0	0	0	0	0	0	0	0
5	0	0	0	0	1	0	0	0	0	0	0	0	0	0	0	0	0	0	0	0	0	0	0	0	0	0	0	0	0	0	0	0	0	0	0	0	0	0	0	0	0	0	0	0	0	0	0	0	0	0
6	0	0	0	0	0	1	0	0	0	0	0	0	0	0	0	0	0	0	0	0	0	0	0	0	0	0	0	0	0	0	0	0	0	0	0	0	0	0	0	0	0	0	0	0	0	0	0	0	0	0
7	0	0	0	0	0	0	1	0	0	0	0	0	0	0	0	0	0	0	0	0	0	0	0	0	0	0	0	0	0	0	0	0	0	0	0	0	0	0	0	0	0	0	0	0	0	0	0	0	0	0
8	0	0	0	0	0	0	0	1	0	0	0	0	0	0	0	0	0	0	0	0	0	0	0	0	0	0	0	0	0	0	0	0	0	0	0	0	0	0	0	0	0	0	0	0	0	0	0	0	0	0
9	0	0	0	0	0	0	0	0	1	0	0	0	0	0	0	0	0	0	0	0	0	0	0	0	0	0	0	0	0	0	0	0	0	0	0	0	0	0	0	0	0	0	0	0	0	0	0	0	0	0
10	0	0	0	0	0	0	0	0	0	1	0	0	0	0	0	0	0	0	0	0	0	0	0	0	0	0	0	0	0	0	0	0	0	0	0	0	0	0	0	0	0	0	0	0	0	0	0	0	0	0
11	0	0	0	0	0	0	0	0	0	0	1	0	0	0	0	0	0	0	0	0	0	0	0	0	0	0	0	0	0	0	0	0	0	0	0	0	0	0	0	0	0	0	0	0	0	0	0	0	0	0
12	0	0	0	0	0	0	0	0	0	0	0	1	0	0	0	0	0	0	0	0	0	0	0	0	0	0	0	0	0	0	0	0	0	0	0	0	0	0	0	0	0	0	0	0	0	0	0	0	0	0
13	0	0	0	0	0	0	0	0	0	0	0	0	1	0	0	0	0	0	0	0	0	0	0	0	0	0	0	0	0	0	0	0	0	0	0	0	0	0	0	0	0	0	0	0	0	0	0	0	0	0
14	0	0	0	0	0	0	0	0	0	0	0	0	0	1	0	0	0	0	0	0	0	0	0	0	0	0	0	0	0	0	0	0	0	0	0	0	0	0	0	0	0	0	0	0	0	0	0	0	0	0
15	0	0	0	0	0	0	0	0	0	0	0	0	0	0	1	0	0	0	0	0	0	0	0	0	0	0	0	0	0	0	0	0	0	0	0	0	0	0	0	0	0	0	0	0	0	0	0	0	0	0
16	0	0	0	0	0	0	0	0	0	0	0	0	0	0	0	1	0	0	0	0	0	0	0	0	0	0	0	0	0	0	0	0	0	0	0	0	0	0	0	0	0	0	0	0	0	0	0	0	0	0
17	0	0	0	0	0	0	0	0	0	0	0	0	0	0	0	0	1	0	0	0	0	0	0	0	0	0	0	0	0	0	0	0	0	0	0	0	0	0	0	0	0	0	0	0	0	0	0	0	0	0
18	0	0	0	0	0	0	0	0	0	0	0	0	0	0	0	0	0	1	0	0	0	0	0	0	0	0	0	0	0	0	0	0	0	0	0	0	0	0	0	0	0	0	0	0	0	0	0	0	0	0
19	0	0	0	0	0	0	0	0	0	0	0	0	0	0	0	0	0	0	1	0	0	0	0	0	0	0	0	0	0	0	0	0	0	0	0	0	0	0	0	0	0	0	0	0	0	0	0	0	0	0
20	0	0	0	0	0	0	0	0	0	0	0	0	0	0	0	0	0	0	0	1	0	0	0	0	0	0	0	0	0	0	0	0	0	0	0	0	0	0	0	0	0	0	0	0	0	0	0	0	0	0
21	0	0	0	0	0	0	0	0	0	0	0	0	0	0	0	0	0	0	0	0	1	0	0	0	0	0	0	0	0	0	0	0	0	0	0	0	0	0	0	0	0	0	0	0	0	0	0	0	0	0
22	0	0	0	0	0	0	0	0	0	0	0	0	0	0	0	0	0	0	0	0	0	1	0	0	0	0	0	0	0	0	0	0	0	0	0	0	0	0	0	0	0	0	0	0	0	0	0	0	0	0
23	0	0	0	0	0	0	0	0	0	0	0	0	0	0	0	0	0	0	0	0	0	0	1	0	0	0	0	0	0	0	0	0	0	0	0	0	0	0	0	0	0	0	0	0	0	0	0	0	0	0
24	0	0	0	0	0	0	0	0	0	0	0	0	0	0	0	0	0	0	0	0	0	0	0	1	0	0	0	0	0	0	0	0	0	0	0	0	0	0	0	0	0	0	0	0	0	0	0	0	0	0
25	0	0	0	0	0	0	0	0	0	0	0	0	0	0	0	0	0	0	0	0	0	0	0	0	1	0	0	0	0	0	0	0	0	0	0	0	0	0	0	0	0	0	0	0	0	0	0	0	0	0
26	0	0	0	0	0	0	0	0	0	0	0	0	0	0	0	0	0	0	0	0	0	0	0	0	0	1	0	0	0	0	0	0	0	0	0	0	0	0	0	0	0	0	0	0	0	0	0	0	0	0
27	0	0	0	0	0	0	0	0	0	0	0	0	0	0	0	0	0	0	0	0	0	0	0	0	0	0	1	0	0	0	0	0	0	0	0	0	0	0	0	0	0	0	0	0	0	0	0	0	0	0
28	0	0	0	0	0	0	0	0	0	0	0	0	0	0	0	0	0	0	0	0	0	0	0	0	0	0	0	1	0	0	0	0	0	0	0	0	0	0	0	0	0	0	0	0	0	0	0	0	0	0
29	0	0	0	0	0	0	0	0	0	0	0	0	0	0	0	0	0	0	0	0	0	0	0	0	0	0	0	0	1	0	0	0	0	0	0	0	0	0	0	0	0	0	0	0	0	0	0	0	0	0
30	0	0	0	0	0	0	0	0	0	0	0	0	0	0	0	0	0	0	0	0	0	0	0	0	0	0	0	0	0	1	0	0	0	0	0	0	0	0	0	0	0	0	0	0	0	0	0	0	0	0
31	0	0	0	0	0	0	0	0	0	0	0	0	0	0	0	0	0	0	0	0	0	0	0	0	0	0	0	0	0	0	1	0	0	0	0	0	0	0	0	0	0	0	0	0	0	0	0	0	0	0
32	0	0	0	0	0	0	0	0	0	0	0	0	0	0	0	0	0	0	0	0	0	0	0	0	0	0	0	0	0	0	0	1	0	0	0	0	0	0	0	0	0	0	0	0	0	0	0	0	0	0
33	0	0	0	0	0	0	0	0	0	0	0	0	0	0	0	0	0	0	0	0	0	0	0	0	0	0	0	0	0	0	0	0	1	0	0	0	0	0	0	0	0	0	0	0	0	0	0	0	0	0
34	0	0	0	0	0	0	0	0	0	0	0	0	0	0	0	0	0	0	0	0	0	0	0	0	0	0	0	0	0	0	0	0	0	1	0	0	0	0	0	0	0	0	0	0	0	0	0	0	0	0
35	0	0	0	0	0	0	0	0	0	0	0	0	0	0	0	0	0	0	0	0	0	0	0	0	0	0	0	0	0	0	0	0	0	0	1	0	0	0	0	0	0	0	0	0	0	0	0	0	0	0
36	0	0	0	0	0	0	0	0	0	0	0	0	0	0	0	0	0	0	0	0	0	0	0	0	0	0	0	0	0	0	0	0	0	0	0	1	0	0	0	0	0	0	0	0	0	0	0	0	0	0
37	0	0	0	0	0	0	0	0	0	0	0	0	0	0	0	0	0	0	0	0	0	0	0	0	0	0	0	0	0	0	0	0	0	0	0	0	1	0	0	0	0	0	0	0	0	0	0	0	0	0
38	0	0	0	0	0	0	0	0	0	0	0	0	0	0	0	0	0	0	0	0	0	0	0	0	0	0	0	0	0	0	0	0	0	0	0	0	0	1	0	0	0	0	0	0	0	0	0	0	0	0
39	0	0	0	0	0	0	0	0	0	0	0	0	0	0	0	0	0	0	0	0	0	0	0	0	0	0	0	0	0	0	0	0	0	0	0	0	0	0	1	0	0	0	0	0	0	0	0	0	0	0
40	0	0	0	0	0	0	0	0	0	0	0	0	0	0	0	0	0	0	0	0	0	0	0	0	0	0	0	0	0	0	0	0	0	0	0	0	0	0	0	1	0	0	0	0	0	0	0	0	0	0
41	0	0	0	0	0	0	0	0	0	0	0	0	0	0	0	0	0	0	0	0	0	0	0	0	0	0	0	0	0	0	0	0	0	0	0	0	0	0	0	0	1	0	0	0	0	0	0	0	0	0
42	0	0	0	0	0	0	0	0	0	0	0	0	0	0	0	0	0	0	0	0	0	0	0	0	0	0	0	0	0	0	0	0	0	0	0	0	0	0	0	0	0	1	0	0	0	0	0	0	0	0
43	0	0	0	0	0	0	0	0	0	0	0	0	0	0	0	0	0	0	0	0	0	0	0	0	0	0	0	0	0	0	0	0	0	0	0	0	0	0	0	0	0	0	1	0	0	0	0	0	0	0
44	0	0	0	0	0	0	0	0	0	0	0	0	0	0	0	0	0	0	0	0	0	0	0	0	0	0	0	0	0	0	0	0	0	0	0	0	0	0	0	0	0	0	0	1	0	0	0	0	0	0
45	0	0	0	0	0	0	0	0	0	0	0	0	0	0	0	0	0	0	0	0	0	0	0	0	0	0	0	0	0	0	0	0	0	0	0	0	0	0	0	0	0	0	0	0	1	0	0	0	0	0
46	0	0	0	0	0	0	0	0	0	0	0	0	0	0	0	0	0	0	0	0	0	0	0	0	0	0	0	0	0	0	0	0	0	0	0	0	0	0	0	0	0	0	0	0	0	1	0	0	0	0
47	0	0	0	0	0	0	0	0	0	0	0	0	0	0	0	0	0	0	0	0	0	0	0	0	0	0	0	0	0	0	0	0	0	0	0	0	0	0	0	0	0	0	0	0	0	0	1	0	0	0
48	0	0	0	0	0	0	0	0	0	0	0	0	0	0	0	0	0	0	0	0	0	0	0	0	0	0	0	0	0	0	0	0	0	0	0	0	0	0	0	0	0	0	0	0	0	0	0	1	0	0
49	0	0	0	0	0	0	0	0	0	0	0	0	0	0	0	0	0	0	0	0	0	0	0	0	0	0	0	0	0	0	0	0	0	0	0	0	0	0	0	0	0	0	0	0	0	0	0	0	1	0
50	0	0	0	0	0	0	0	0	0	0	0	0	0	0	0	0	0	0	0	0	0	0	0	0	0	0	0	0	0	0	0	0	0	0	0	0	0	0	0	0	0	0	0	0	0	0	0	0	0	1
51	0	0	0	1	1	0	0	0	1	1	1	0	0	0	1	1	1	0	1	1	1	1	1	0	1	1	0	0	1	0	0	1	1	0	1	1	1	0	0	0	0	0	1	0	0	0	1	1	1	1
52	0	0	0	0	1	0	1	1	0	0	0	0	0	1	1	0	0	1	0	0	1	0	0	1	1	0	0	1	0	0	0	1	0	0	0	0	0	0	1	0	0	0	0	0	0	0	0	0	0	0
53	0	0	0	0	0	0	0	1	0	0	0	0	0	0	0	0	0	0	0	0	0	1	1	0	0	0	0	1	1	0	0	0	0	0	0	1	0	0	1	1	0	1	0	0	0	0	0	1	1	1
54	1	0	0	0	0	0	0	0	0	0	0	1	0	0	1	0	0	0	1	1	0	0	0	0	1	1	0	1	0	0	0	0	0	0	1	1	0	1	0	1	0	0	0	1	1	1	1	1	0	0
55	0	0	1	0	0	0	1	1	1	1	1	0	1	0	1	0	0	0	1	0	0	0	1	0	0	1	1	0	0	0	0	0	1	0	0	1	1	0	0	1	0	0	0	0	1	0	0	0	0	0
56	0	0	0	0	0	0	0	0	0	0	0	0	0	0	0	0	0	0	0	0	1	0	0	0	0	0	0	1	0	0	0	0	0	0	0	0	0	0	0	0	0	0	0	0	0	0	0	0	0	0
57	0	1	0	0	0	1	1	1	0	0	0	0	1	1	0	1	0	0	1	1	1	0	1	1	0	1	0	0	1	1	1	0	0	0	0	0	1	1	1	1	0	1	0	1	1	1	0	0	0	0
58	1	0	0	0	0	0	1	0	1	0	1	0	1	1	0	0	0	0	0	1	0	0	0	0	0	1	1	0	0	1	0	0	0	1	0	1	1	1	0	1	0	1	0	1	1	1	1	1	0	1
59	1	1	1	0	0	1	0	1	0	0	1	1	0	0	0	1	0	1	0	1	0	1	0	0	0	0	0	1	0	0	0	0	0	0	0	1	1	1	0	0	0	0	0	1	1	0	0	0	0	1
60	1	1	1	0	0	1	1	1	0	0	0	0	0	0	0	0	1	0	0	0	0	1	0	0	0	0	1	0	0	0	0	1	0	0	0	0	0	0	0	1	0	1	0	0	0	0	0	0	0	0
61	0	0	0	1	0	1	0	0	0	0	0	0	0	0	0	0	0	0	0	0	0	0	0	0	0	0	0	0	0	0	0	0	0	0	0	0	0	0	0	0	0	0	0	0	0	0	1	0	0	0
62	0	1	0	0	0	0	1	1	0	0	0	1	0	0	1	1	1	0	0	1	0	0	1	1	1	0	0	1	0	0	0	0	0	0	0	1	0	0	1	0	1	0	1	0	0	1	0	0	1	1
63	0	0	0	0	0	0	1	1	1	0	0	1	0	1	0	1	0	0	1	1	0	0	0	1	0	0	1	0	0	0	0	0	0	0	0	0	1	0	0	0	1	1	0	0	1	0	0	0	0	1
64	1	0	0	0	0	0	1	0	0	0	0	0	0	0	0	1	0	0	0	0	0	1	0	0	0	0	0	1	0	1	0	1	1	0	0	1	0	0	0	1	0	0	0	0	0	0	0	0	0	0
65	0	1	1	1	1	0	0	0	0	0	0	1	0	0	0	0	0	0	0	1	1	0	1	1	1	1	0	1	1	0	1	1	0	0	0	1	0	0	1	1	0	0	1	1	0	0	0	0	0	0
66	1	1	1	0	0	1	0	0	0	0	0	1	0	0	0	0	1	0	0	1	0	0	0	0	1	1	0	0	0	0	0	1	0	0	0	1	0	1	0	0	0	1	0	0	0	0	0	1	0	0
67	0	0	1	0	1	0	0	0	0	0	0	0	0	0	0	0	0	1	0	0	1	0	0	1	0	1	0	0	0	1	0	0	0	1	0	0	1	1	0	1	0	0	0	0	1	0	0	1	0	0
68	0	0	1	1	0	0	1	0	0	0	0	0	0	1	0	0	0	1	1	0	0	0	1	0	0	0	0	0	0	0	0	0	0	1	1	1	0	0	1	0	0	0	0	0	0	1	0	0	1	0
69	0	0	0	1	1	0	1	0	0	1	1	0	0	0	0	1	0	1	0	0	0	0	1	0	0	0	1	1	0	1	0	0	1	0	0	0	0	0	0	0	1	0	0	0	0	0	1	0	0	0
70	0	1	1	0	1	0	0	1	0	0	1	1	1	0	0	0	0	0	1	1	1	0	1	1	0	1	1	0	0	0	0	0	0	1	0	1	0	1	0	0	1	0	0	0	0	0	1	0	0	1
71	1	0	1	0	0	0	0	0	1	1	0	0	0	1	0	1	0	0	1	1	1	0	0	1	0	1	0	0	0	0	1	0	0	1	0	1	1	1	0	1	0	0	0	0	0	1	1	1	0	1
72	1	0	1	0	0	0	0	0	1	1	0	1	1	1	0	0	1	0	0	1	0	1	0	1	1	0	0	0	0	0	0	0	0	1	0	0	0	0	0	1	1	0	0	1	0	1	0	0	1	0
73	0	0	0	0	0	1	0	0	1	0	0	0	1	0	0	0	0	0	0	0	0	0	0	0	0	0	0	0	0	0	0	0	0	0	1	0	0	0	1	0	0	0	0	0	0	1	0	1	1	0
74	0	0	0	0	0	1	0	1	0	0	1	0	0	0	0	0	0	0	1	0	0	0	0	0	0	0	0	1	0	0	0	0	0	0	0	0	0	0	0	0	0	0	0	0	1	0	0	0	0	0
75	0	0	1	0	0	1	1	0	0	0	0	1	1	0	1	1	0	0	1	0	0	0	0	1	0	0	0	1	0	0	0	1	1	1	0	1	0	0	1	0	1	1	1	1	0	0	0	1	0	0
76	0	0	0	0	1	1	1	0	1	1	0	0	0	0	1	0	0	0	0	0	0	0	0	0	0	0	1	0	0	0	1	1	0	0	0	0	0	0	0	0	0	0	1	0	0	0	0	0	0	0
77	0	0	0	0	0	0	0	0	0	0	0	0	0	1	0	0	0	1	0	0	0	0	0	0	0	0	0	0	0	0	0	0	0	0	0	0	0	0	0	0	0	0	0	0	0	0	0	0	0	0
78	0	0	0	0	0	0	0	0	1	1	0	0	1	0	0	0	1	0	0	0	0	0	1	1	0	1	0	0	0	0	0	0	0	0	0	0	0	0	1	0	0	0	0	0	1	1	0	0	0	0
79	0	0	0	1	0	0	0	0	0	0	0	0	1	1	0	0	0	0	0	1	0	1	1	0	0	0	1	0	1	0	1	1	0	1	0	0	0	1	0	1	0	1	0	1	1	0	0	1	1	0
80	1	0	0	0	1	0	0	1	0	0	0	0	0	0	0	0	0	0	0	0	0	1	0	0	0	1	0	1	1	0	0	0	0	0	0	1	0	0	0	0	0	0	0	0	1	0	0	1	1	1
81	0	0	0	0	1	0	0	1	0	1	0	1	0	0	0	1	1	0	0	0	0	1	1	0	0	1	0	0	0	0	0	0	1	1	0	1	1	0	0	0	1	0	1	1	0	0	0	0	1	0
82	0	1	1	0	1	0	0	0	0	0	0	1	0	1	0	1	0	1	1	0	1	0	1	1	0	0	0	0	1	0	0	1	0	0	0	0	1	0	1	0	0	1	0	0	1	1	0	1	0	0
83	0	0	0	0	0	0	0	1	0	0	1	0	0	0	0	0	0	0	0	0	1	0	0	1	0	0	0	0	0	0	0	1	0	0	0	0	1	0	0	0	0	0	0	0	0	0	0	1	1	0
84	0	0	0	0	0	0	0	0	1	0	0	0	0	0	1	0	0	1	0	0	0	0	0	0	0	0	0	0	0	0	1	0	0	0	0	0	0	0	0	0	0	0	0	0	0	0	0	1	0	0
85	1	0	1	1	0	0	0	0	1	1	0	0	1	1	0	0	0	1	0	0	0	1	1	1	0	0	1	0	0	0	0	0	0	0	1	0	1	1	0	0	1	0	0	0	0	0	0	1	1	0
86	1	0	0	0	1	0	0	0	0	1	0	0	0	1	0	0	1	0	0	0	1	0	0	0	0	0	1	1	1	0	1	1	0	0	0	1	1	0	0	1	0	0	1	0	0	0	0	0	0	0
87	0	0	0	0	0	0	0	0	1	0	0	0	0	1	0	0	0	0	0	0	0	1	0	1	0	1	0	0	0	0	0	0	0	0	0	0	0	0	0	0	0	1	0	0	0	1	1	1	0	1
88	0	1	0	0	0	0	0	0	0	1	0	1	0	0	1	1	1	0	0	0	0	0	0	1	0	0	0	0	0	1	1	0	0	1	1	0	1	0	0	0	0	0	0	0	0	1	0	0	0	0
89	0	1	1	1	1	0	0	1	0	1	0	0	0	0	1	0	0	1	0	0	0	0	0	1	0	1	1	1	0	1	1	0	0	0	1	1	0	0	0	0	1	0	0	1	0	1	1	0	0	1
90	0	0	0	0	0	1	0	0	1	0	0	1	0	1	0	1	0	0	0	1	0	0	0	0	0	0	0	0	0	0	0	0	0	0	0	1	0	1	0	0	1	0	0	0	0	0	0	1	0	0
91	0	0	0	0	0	0	0	1	0	0	0	0	0	0	0	0	0	0	0	0	0	0	0	0	1	0	1	1	0	0	0	0	0	0	0	1	1	0	0	0	0	0	0	0	0	0	1	1	0	0
92	0	1	1	0	0	1	0	1	1	0	1	1	1	0	0	1	0	1	0	0	0	1	0	0	1	1	1	1	1	0	0	0	0	1	0	0	0	0	0	0	1	0	1	0	0	0	1	1	1	1
93	0	0	0	0	0	0	0	1	1	0	0	0	0	1	0	0	0	1	0	0	0	0	0	0	1	0	0	0	0	1	0	0	1	0	0	0	0	0	1	1	0	0	0	1	0	0	0	0	0	0
94	1	0	1	0	1	1	0	1	1	0	0	0	0	0	1	0	1	1	1	0	0	0	1	1	0	0	1	0	0	0	0	1	1	0	0	1	0	0	0	1	1	0	0	1	0	0	0	1	0	0
95	0	0	1	0	0	0	0	0	0	0	0	0	1	0	0	0	0	0	0	0	0	0	0	0	1	0	0	0	1	0	0	0	0	1	0	0	1	1	0	0	0	0	0	0	0	1	0	0	0	0
96	1	0	1	0	1	1	1	1	0	0	1	0	0	0	1	0	1	1	0	0	1	1	0	0	0	0	1	0	1	0	1	0	1	0	0	1	1	0	0	1	0	1	0	0	0	0	0	1	0	1
97	0	1	1	0	0	1	0	0	0	0	0	0	0	0	0	0	0	0	0	1	0	0	1	1	0	0	1	0	0	0	0	0	0	0	0	0	0	0	1	0	0	1	0	1	0	0	0	0	1	0
98	0	0	0	0	0	0	0	0	1	0	0	0	0	0	0	1	0	0	0	0	0	0	0	0	0	0	0	0	0	0	0	0	0	1	1	0	0	0	0	0	0	0	0	0	0	0	0	0	0	0
99	0	1	0	0	0	0	1	0	0	1	0	1	1	0	1	0	0	0	0	0	0	0	0	0	1	0	0	1	0	0	0	0	1	0	0	0	0	0	1	0	1	1	1	1	0	1	1	0	0	0
100	1	0	0	0	1	0	1	0	0	0	0	1	0	0	0	0	0	0	1	0	1	0	1	0	0	0	1	1	0	0	0	0	0	1	1	0	0	1	0	0	1	1	1	1	0	0	1	0	0	1
