42.9
30
1	0.96	3.98
2	0.68	4.39
3	0.99	5.64
4	0.79	2.18
5	0.03	7.51
6	0.37	3.28
7	0.75	0.04
8	0.92	0.98
9	0.98	0.6
10	0.48	5.05
11	0.83	6.11
12	0.23	9.73
13	0.8	6.61
14	0.09	2.22
15	0.62	9.21
16	0.72	9.27
17	0.05	7.87
18	0.16	1.12
19	0.7	1.89
20	0.36	0.75
21	0.1	3.49
22	0.29	1.21
23	0.66	5.09
24	0.54	7.66
25	0.39	7.91
26	0.15	2.98
27	0.61	1.19
28	0.62	4.25
29	0.47	5.18
30	0.87	1.5
60
1	1	0	0	0	0	0	0	0	0	0	0	0	0	0	0	0	0	0	0	0	0	0	0	0	0	0	0	0	0	0
2	0	1	0	0	0	0	0	0	0	0	0	0	0	0	0	0	0	0	0	0	0	0	0	0	0	0	0	0	0	0
3	0	0	1	0	0	0	0	0	0	0	0	0	0	0	0	0	0	0	0	0	0	0	0	0	0	0	0	0	0	0
4	0	0	0	1	0	0	0	0	0	0	0	0	0	0	0	0	0	0	0	0	0	0	0	0	0	0	0	0	0	0
5	0	0	0	0	1	0	0	0	0	0	0	0	0	0	0	0	0	0	0	0	0	0	0	0	0	0	0	0	0	0
6	0	0	0	0	0	1	0	0	0	0	0	0	0	0	0	0	0	0	0	0	0	0	0	0	0	0	0	0	0	0
7	0	0	0	0	0	0	1	0	0	0	0	0	0	0	0	0	0	0	0	0	0	0	0	0	0	0	0	0	0	0
8	0	0	0	0	0	0	0	1	0	0	0	0	0	0	0	0	0	0	0	0	0	0	0	0	0	0	0	0	0	0
9	0	0	0	0	0	0	0	0	1	0	0	0	0	0	0	0	0	0	0	0	0	0	0	0	0	0	0	0	0	0
10	0	0	0	0	0	0	0	0	0	1	0	0	0	0	0	0	0	0	0	0	0	0	0	0	0	0	0	0	0	0
11	0	0	0	0	0	0	0	0	0	0	1	0	0	0	0	0	0	0	0	0	0	0	0	0	0	0	0	0	0	0
12	0	0	0	0	0	0	0	0	0	0	0	1	0	0	0	0	0	0	0	0	0	0	0	0	0	0	0	0	0	0
13	0	0	0	0	0	0	0	0	0	0	0	0	1	0	0	0	0	0	0	0	0	0	0	0	0	0	0	0	0	0
14	0	0	0	0	0	0	0	0	0	0	0	0	0	1	0	0	0	0	0	0	0	0	0	0	0	0	0	0	0	0
15	0	0	0	0	0	0	0	0	0	0	0	0	0	0	1	0	0	0	0	0	0	0	0	0	0	0	0	0	0	0
16	0	0	0	0	0	0	0	0	0	0	0	0	0	0	0	1	0	0	0	0	0	0	0	0	0	0	0	0	0	0
17	0	0	0	0	0	0	0	0	0	0	0	0	0	0	0	0	1	0	0	0	0	0	0	0	0	0	0	0	0	0
18	0	0	0	0	0	0	0	0	0	0	0	0	0	0	0	0	0	1	0	0	0	0	0	0	0	0	0	0	0	0
19	0	0	0	0	0	0	0	0	0	0	0	0	0	0	0	0	0	0	1	0	0	0	0	0	0	0	0	0	0	0
20	0	0	0	0	0	0	0	0	0	0	0	0	0	0	0	0	0	0	0	1	0	0	0	0	0	0	0	0	0	0
21	0	0	0	0	0	0	0	0	0	0	0	0	0	0	0	0	0	0	0	0	1	0	0	0	0	0	0	0	0	0
22	0	0	0	0	0	0	0	0	0	0	0	0	0	0	0	0	0	0	0	0	0	1	0	0	0	0	0	0	0	0
23	0	0	0	0	0	0	0	0	0	0	0	0	0	0	0	0	0	0	0	0	0	0	1	0	0	0	0	0	0	0
24	0	0	0	0	0	0	0	0	0	0	0	0	0	0	0	0	0	0	0	0	0	0	0	1	0	0	0	0	0	0
25	0	0	0	0	0	0	0	0	0	0	0	0	0	0	0	0	0	0	0	0	0	0	0	0	1	0	0	0	0	0
26	0	0	0	0	0	0	0	0	0	0	0	0	0	0	0	0	0	0	0	0	0	0	0	0	0	1	0	0	0	0
27	0	0	0	0	0	0	0	0	0	0	0	0	0	0	0	0	0	0	0	0	0	0	0	0	0	0	1	0	0	0
28	0	0	0	0	0	0	0	0	0	0	0	0	0	0	0	0	0	0	0	0	0	0	0	0	0	0	0	1	0	0
29	0	0	0	0	0	0	0	0	0	0	0	0	0	0	0	0	0	0	0	0	0	0	0	0	0	0	0	0	1	0
30	0	0	0	0	0	0	0	0	0	0	0	0	0	0	0	0	0	0	0	0	0	0	0	0	0	0	0	0	0	1
31	0	1	0	0	0	0	0	0	1	1	0	0	0	0	0	1	0	1	0	0	1	0	0	0	0	0	1	1	1	1
32	1	1	0	0	0	0	0	1	0	0	0	0	1	1	1	1	0	0	0	1	0	0	0	1	0	1	1	1	0	1
33	1	0	1	0	0	0	0	0	0	0	0	0	0	0	0	1	0	1	1	0	0	1	0	1	0	0	1	0	0	0
34	1	0	0	0	0	1	1	0	0	0	0	1	0	1	0	0	1	0	0	1	1	0	1	0	0	0	1	0	1	0
35	0	1	0	0	0	0	0	1	0	1	0	0	0	0	0	0	0	0	1	0	0	0	0	0	1	0	0	1	0	0
36	0	0	0	0	0	0	0	0	0	0	0	0	1	0	0	0	0	0	1	1	0	0	0	0	0	1	0	1	1	1
37	0	1	0	1	0	1	0	0	0	0	0	1	0	0	0	1	1	0	0	0	1	0	0	0	1	1	1	1	1	0
38	0	0	1	1	1	0	1	0	1	0	0	0	0	0	0	1	0	1	1	1	0	0	0	1	0	0	0	0	0	1
39	0	0	1	1	0	1	1	0	0	0	0	0	0	1	0	0	0	1	0	1	1	0	0	1	0	0	0	1	1	1
40	0	1	0	0	1	0	1	1	0	0	0	0	0	0	1	1	0	0	1	1	0	1	0	0	0	1	0	1	0	0
41	1	0	0	0	1	1	0	1	0	0	1	1	0	0	0	0	0	0	1	0	0	1	0	0	0	1	0	0	1	0
42	0	0	0	0	0	1	1	0	0	0	1	0	0	0	0	0	0	0	0	0	0	1	0	0	0	0	0	0	0	0
43	0	0	0	0	0	0	0	0	1	0	1	1	1	0	0	1	0	1	0	0	0	0	0	0	0	1	0	1	0	1
44	0	0	0	0	0	0	1	1	0	1	0	0	1	0	1	0	1	0	0	0	0	0	0	1	0	1	0	0	0	0
45	0	0	0	1	0	0	0	0	1	0	0	0	0	0	0	0	0	0	0	0	0	0	0	0	0	0	1	0	0	0
46	0	0	0	0	1	0	0	1	1	0	0	1	1	0	0	0	1	1	0	0	0	0	1	1	1	0	0	0	1	0
47	0	0	0	1	0	0	0	0	0	0	0	0	0	0	1	0	1	0	0	0	0	0	0	0	0	0	0	0	0	0
48	0	0	1	0	1	0	1	0	0	0	0	0	0	0	0	0	0	0	1	0	0	1	0	0	0	1	1	1	1	1
49	0	0	0	0	0	0	1	0	0	0	0	0	0	0	1	0	0	0	0	0	0	1	0	0	0	0	0	1	0	0
50	0	1	0	0	0	0	0	0	0	0	1	1	0	0	0	0	0	0	1	1	1	0	1	1	0	0	0	0	1	0
51	0	0	0	0	0	0	0	0	0	1	1	1	0	0	0	0	1	1	1	0	0	1	0	1	0	1	0	0	0	0
52	0	0	0	0	0	0	0	0	0	0	0	0	0	1	0	0	0	0	0	0	0	0	0	0	0	0	1	1	0	0
53	0	1	0	0	0	0	0	0	0	1	1	0	0	0	0	0	0	0	0	0	0	0	0	0	1	0	0	0	1	0
54	0	1	0	0	0	0	1	1	0	0	0	0	0	0	0	0	1	0	0	0	0	0	0	1	1	0	0	0	0	0
55	0	1	0	1	1	1	0	0	0	0	1	0	0	0	0	0	0	0	0	0	0	0	0	1	1	1	0	0	0	0
56	0	1	1	0	0	0	1	0	0	1	1	1	0	1	0	0	0	0	1	1	0	1	1	0	0	1	1	0	0	0
57	0	0	0	0	0	0	0	0	0	0	0	1	1	0	0	0	0	0	0	1	0	0	0	0	0	0	1	1	0	0
58	0	0	0	0	1	0	0	1	0	0	1	1	1	1	1	0	0	0	0	0	0	0	1	1	0	1	1	0	0	0
59	1	1	1	1	1	1	0	1	1	1	1	1	1	0	0	0	1	1	1	1	0	0	1	0	0	0	1	0	0	0
60	1	0	0	0	0	0	0	1	0	0	0	0	0	0	1	0	0	0	0	1	0	0	0	0	0	0	1	1	1	0
