38.9
30
1	0.4	7.71
2	0.32	3.62
3	0.75	1.63
4	0.44	8.61
5	0.07	6.26
6	0.19	5.46
7	0.5	3.74
8	0.46	2.25
9	0.12	2.49
10	0.47	2.49
11	0.06	4.87
12	0.49	0.15
13	0.45	9.3
14	0.99	0.07
15	0.57	6
16	0.04	3.28
17	0.99	8.32
18	0.01	1.32
19	0.41	9.68
20	0.65	9.01
21	0.03	5.14
22	0.29	1.34
23	0.96	7.53
24	0.33	3.12
25	0.72	7.75
26	0.83	0.92
27	0.04	6.48
28	0.35	9.77
29	0.23	5.88
30	0.78	0.38
60
1	1	0	0	0	0	0	0	0	0	0	0	0	0	0	0	0	0	0	0	0	0	0	0	0	0	0	0	0	0	0
2	0	1	0	0	0	0	0	0	0	0	0	0	0	0	0	0	0	0	0	0	0	0	0	0	0	0	0	0	0	0
3	0	0	1	0	0	0	0	0	0	0	0	0	0	0	0	0	0	0	0	0	0	0	0	0	0	0	0	0	0	0
4	0	0	0	1	0	0	0	0	0	0	0	0	0	0	0	0	0	0	0	0	0	0	0	0	0	0	0	0	0	0
5	0	0	0	0	1	0	0	0	0	0	0	0	0	0	0	0	0	0	0	0	0	0	0	0	0	0	0	0	0	0
6	0	0	0	0	0	1	0	0	0	0	0	0	0	0	0	0	0	0	0	0	0	0	0	0	0	0	0	0	0	0
7	0	0	0	0	0	0	1	0	0	0	0	0	0	0	0	0	0	0	0	0	0	0	0	0	0	0	0	0	0	0
8	0	0	0	0	0	0	0	1	0	0	0	0	0	0	0	0	0	0	0	0	0	0	0	0	0	0	0	0	0	0
9	0	0	0	0	0	0	0	0	1	0	0	0	0	0	0	0	0	0	0	0	0	0	0	0	0	0	0	0	0	0
10	0	0	0	0	0	0	0	0	0	1	0	0	0	0	0	0	0	0	0	0	0	0	0	0	0	0	0	0	0	0
11	0	0	0	0	0	0	0	0	0	0	1	0	0	0	0	0	0	0	0	0	0	0	0	0	0	0	0	0	0	0
12	0	0	0	0	0	0	0	0	0	0	0	1	0	0	0	0	0	0	0	0	0	0	0	0	0	0	0	0	0	0
13	0	0	0	0	0	0	0	0	0	0	0	0	1	0	0	0	0	0	0	0	0	0	0	0	0	0	0	0	0	0
14	0	0	0	0	0	0	0	0	0	0	0	0	0	1	0	0	0	0	0	0	0	0	0	0	0	0	0	0	0	0
15	0	0	0	0	0	0	0	0	0	0	0	0	0	0	1	0	0	0	0	0	0	0	0	0	0	0	0	0	0	0
16	0	0	0	0	0	0	0	0	0	0	0	0	0	0	0	1	0	0	0	0	0	0	0	0	0	0	0	0	0	0
17	0	0	0	0	0	0	0	0	0	0	0	0	0	0	0	0	1	0	0	0	0	0	0	0	0	0	0	0	0	0
18	0	0	0	0	0	0	0	0	0	0	0	0	0	0	0	0	0	1	0	0	0	0	0	0	0	0	0	0	0	0
19	0	0	0	0	0	0	0	0	0	0	0	0	0	0	0	0	0	0	1	0	0	0	0	0	0	0	0	0	0	0
20	0	0	0	0	0	0	0	0	0	0	0	0	0	0	0	0	0	0	0	1	0	0	0	0	0	0	0	0	0	0
21	0	0	0	0	0	0	0	0	0	0	0	0	0	0	0	0	0	0	0	0	1	0	0	0	0	0	0	0	0	0
22	0	0	0	0	0	0	0	0	0	0	0	0	0	0	0	0	0	0	0	0	0	1	0	0	0	0	0	0	0	0
23	0	0	0	0	0	0	0	0	0	0	0	0	0	0	0	0	0	0	0	0	0	0	1	0	0	0	0	0	0	0
24	0	0	0	0	0	0	0	0	0	0	0	0	0	0	0	0	0	0	0	0	0	0	0	1	0	0	0	0	0	0
25	0	0	0	0	0	0	0	0	0	0	0	0	0	0	0	0	0	0	0	0	0	0	0	0	1	0	0	0	0	0
26	0	0	0	0	0	0	0	0	0	0	0	0	0	0	0	0	0	0	0	0	0	0	0	0	0	1	0	0	0	0
27	0	0	0	0	0	0	0	0	0	0	0	0	0	0	0	0	0	0	0	0	0	0	0	0	0	0	1	0	0	0
28	0	0	0	0	0	0	0	0	0	0	0	0	0	0	0	0	0	0	0	0	0	0	0	0	0	0	0	1	0	0
29	0	0	0	0	0	0	0	0	0	0	0	0	0	0	0	0	0	0	0	0	0	0	0	0	0	0	0	0	1	0
30	0	0	0	0	0	0	0	0	0	0	0	0	0	0	0	0	0	0	0	0	0	0	0	0	0	0	0	0	0	1
31	1	0	0	0	1	0	1	0	0	0	1	1	1	1	1	1	1	1	1	1	0	0	1	0	0	0	0	0	0	0
32	0	0	0	0	0	0	0	0	0	0	1	0	1	0	0	0	0	0	0	0	0	0	0	0	0	0	0	0	0	0
33	1	1	0	1	0	0	1	0	0	0	0	0	0	1	0	0	0	0	0	0	1	0	0	0	1	1	0	0	1	1
34	0	0	0	0	1	0	0	1	0	1	0	0	1	0	1	0	0	1	0	1	1	1	1	0	0	0	0	1	1	1
35	0	0	0	0	1	0	1	0	0	1	1	0	1	0	0	1	0	0	0	0	0	0	1	0	0	0	1	1	0	1
36	0	0	0	0	0	0	0	1	0	0	0	0	0	0	0	0	1	0	1	0	0	0	0	0	1	1	0	0	1	0
37	0	0	0	1	0	0	0	1	0	0	1	0	1	1	0	0	0	0	1	1	1	0	1	0	0	0	1	1	0	1
38	0	1	1	0	0	0	0	0	0	0	0	0	1	0	0	1	1	0	0	0	0	0	0	1	0	0	0	0	0	0
39	0	0	0	0	0	0	0	0	0	0	0	0	0	0	0	0	0	0	0	1	0	0	0	0	0	0	1	0	0	1
40	0	1	0	0	0	0	1	1	0	0	1	1	0	0	0	1	0	0	1	0	0	1	1	0	0	0	0	1	0	1
41	1	1	0	0	1	0	0	1	0	0	1	1	0	1	0	1	0	0	1	0	0	0	1	0	0	0	1	0	1	0
42	1	1	1	1	0	0	0	0	0	0	0	0	0	0	0	0	0	0	0	0	0	0	0	0	0	0	0	1	1	0
43	0	0	0	0	0	0	0	1	0	0	0	0	0	0	0	0	0	0	0	0	0	0	1	0	0	0	0	0	0	0
44	1	0	0	1	1	1	0	1	0	0	0	0	1	0	0	1	1	1	1	1	0	0	1	0	1	0	0	0	1	1
45	0	1	1	0	0	1	0	0	0	0	0	0	0	1	0	0	0	0	0	0	0	0	1	0	0	0	1	0	0	0
46	0	0	0	0	0	0	0	0	0	1	0	0	0	0	0	0	0	0	0	1	0	0	0	0	0	0	0	0	0	0
47	1	0	0	1	0	0	0	1	0	0	0	0	0	1	0	0	0	1	0	0	0	0	1	0	0	1	1	0	0	0
48	0	0	0	0	0	1	0	0	1	0	0	0	0	0	0	0	1	0	1	0	0	0	0	1	1	1	1	0	0	0
49	1	1	1	0	1	0	1	0	0	1	1	0	0	1	0	1	0	1	0	1	0	0	1	1	1	1	1	0	1	0
50	0	0	0	0	1	0	1	0	1	0	0	0	1	1	0	0	1	0	0	0	1	1	1	0	0	1	1	1	1	1
51	0	0	0	0	0	0	0	0	0	0	0	1	1	0	0	0	0	0	0	0	0	1	0	0	1	0	0	0	0	0
52	0	0	0	0	1	0	1	1	1	0	0	0	1	0	0	1	0	0	0	0	1	1	0	0	0	0	0	1	0	1
53	1	0	0	0	0	0	0	1	1	0	1	0	0	0	0	0	0	1	1	0	1	0	1	0	1	0	0	0	0	0
54	0	0	0	0	0	0	0	0	1	0	0	0	0	0	0	0	0	0	0	0	0	1	0	0	0	0	1	0	0	0
55	0	0	1	1	0	0	0	0	0	0	0	0	0	0	0	0	0	0	0	0	0	1	0	0	0	0	0	0	0	0
56	0	0	0	0	0	0	0	0	0	0	0	0	0	0	0	0	0	0	0	0	1	0	1	0	0	0	0	0	1	0
57	1	1	0	0	0	0	0	1	0	1	1	0	1	0	0	1	1	1	0	0	0	1	1	0	0	0	0	1	0	1
58	0	1	1	0	0	0	0	0	0	1	1	1	0	0	0	1	0	1	0	0	1	0	1	0	1	0	1	0	0	1
59	0	0	1	0	1	1	0	0	1	1	0	0	1	1	0	0	1	1	0	1	1	1	1	1	0	0	0	1	0	0
60	0	0	1	1	0	1	0	0	1	0	1	0	0	0	0	0	0	1	0	0	0	0	0	1	0	0	0	0	0	1
