19.7
30
1	0.44	9.09
2	0.89	8.21
3	0.92	9.62
4	0.32	7.8
5	0.35	4.94
6	0.65	3.95
7	0.38	3.31
8	0.48	1.35
9	0.88	7.79
10	0.69	1.38
11	0.31	2.55
12	0.62	1.25
13	0.98	6.11
14	0.56	3.1
15	0.9	2.16
16	0.76	7.49
17	0.2	5.06
18	0.04	3.06
19	0.71	5.39
20	0.05	6.17
21	0.92	9.43
22	0.39	3.68
23	0.83	1.94
24	0.51	3.44
25	0.59	5.99
26	0.66	8.02
27	0.04	8.51
28	0.81	4.84
29	0.6	5.29
30	0.79	7.24
60
1	1	0	0	0	0	0	0	0	0	0	0	0	0	0	0	0	0	0	0	0	0	0	0	0	0	0	0	0	0	0
2	0	1	0	0	0	0	0	0	0	0	0	0	0	0	0	0	0	0	0	0	0	0	0	0	0	0	0	0	0	0
3	0	0	1	0	0	0	0	0	0	0	0	0	0	0	0	0	0	0	0	0	0	0	0	0	0	0	0	0	0	0
4	0	0	0	1	0	0	0	0	0	0	0	0	0	0	0	0	0	0	0	0	0	0	0	0	0	0	0	0	0	0
5	0	0	0	0	1	0	0	0	0	0	0	0	0	0	0	0	0	0	0	0	0	0	0	0	0	0	0	0	0	0
6	0	0	0	0	0	1	0	0	0	0	0	0	0	0	0	0	0	0	0	0	0	0	0	0	0	0	0	0	0	0
7	0	0	0	0	0	0	1	0	0	0	0	0	0	0	0	0	0	0	0	0	0	0	0	0	0	0	0	0	0	0
8	0	0	0	0	0	0	0	1	0	0	0	0	0	0	0	0	0	0	0	0	0	0	0	0	0	0	0	0	0	0
9	0	0	0	0	0	0	0	0	1	0	0	0	0	0	0	0	0	0	0	0	0	0	0	0	0	0	0	0	0	0
10	0	0	0	0	0	0	0	0	0	1	0	0	0	0	0	0	0	0	0	0	0	0	0	0	0	0	0	0	0	0
11	0	0	0	0	0	0	0	0	0	0	1	0	0	0	0	0	0	0	0	0	0	0	0	0	0	0	0	0	0	0
12	0	0	0	0	0	0	0	0	0	0	0	1	0	0	0	0	0	0	0	0	0	0	0	0	0	0	0	0	0	0
13	0	0	0	0	0	0	0	0	0	0	0	0	1	0	0	0	0	0	0	0	0	0	0	0	0	0	0	0	0	0
14	0	0	0	0	0	0	0	0	0	0	0	0	0	1	0	0	0	0	0	0	0	0	0	0	0	0	0	0	0	0
15	0	0	0	0	0	0	0	0	0	0	0	0	0	0	1	0	0	0	0	0	0	0	0	0	0	0	0	0	0	0
16	0	0	0	0	0	0	0	0	0	0	0	0	0	0	0	1	0	0	0	0	0	0	0	0	0	0	0	0	0	0
17	0	0	0	0	0	0	0	0	0	0	0	0	0	0	0	0	1	0	0	0	0	0	0	0	0	0	0	0	0	0
18	0	0	0	0	0	0	0	0	0	0	0	0	0	0	0	0	0	1	0	0	0	0	0	0	0	0	0	0	0	0
19	0	0	0	0	0	0	0	0	0	0	0	0	0	0	0	0	0	0	1	0	0	0	0	0	0	0	0	0	0	0
20	0	0	0	0	0	0	0	0	0	0	0	0	0	0	0	0	0	0	0	1	0	0	0	0	0	0	0	0	0	0
21	0	0	0	0	0	0	0	0	0	0	0	0	0	0	0	0	0	0	0	0	1	0	0	0	0	0	0	0	0	0
22	0	0	0	0	0	0	0	0	0	0	0	0	0	0	0	0	0	0	0	0	0	1	0	0	0	0	0	0	0	0
23	0	0	0	0	0	0	0	0	0	0	0	0	0	0	0	0	0	0	0	0	0	0	1	0	0	0	0	0	0	0
24	0	0	0	0	0	0	0	0	0	0	0	0	0	0	0	0	0	0	0	0	0	0	0	1	0	0	0	0	0	0
25	0	0	0	0	0	0	0	0	0	0	0	0	0	0	0	0	0	0	0	0	0	0	0	0	1	0	0	0	0	0
26	0	0	0	0	0	0	0	0	0	0	0	0	0	0	0	0	0	0	0	0	0	0	0	0	0	1	0	0	0	0
27	0	0	0	0	0	0	0	0	0	0	0	0	0	0	0	0	0	0	0	0	0	0	0	0	0	0	1	0	0	0
28	0	0	0	0	0	0	0	0	0	0	0	0	0	0	0	0	0	0	0	0	0	0	0	0	0	0	0	1	0	0
29	0	0	0	0	0	0	0	0	0	0	0	0	0	0	0	0	0	0	0	0	0	0	0	0	0	0	0	0	1	0
30	0	0	0	0	0	0	0	0	0	0	0	0	0	0	0	0	0	0	0	0	0	0	0	0	0	0	0	0	0	1
31	0	0	0	0	0	0	0	1	0	0	0	0	0	0	0	0	0	1	0	0	0	0	0	1	0	0	0	0	0	0
32	1	1	1	0	0	0	0	0	0	1	0	0	0	0	0	0	1	0	1	1	0	0	1	1	0	0	0	1	0	1
33	1	0	0	0	0	1	0	0	1	0	0	0	1	1	0	0	0	1	0	0	0	1	0	1	1	0	0	1	0	0
34	1	0	1	0	0	0	0	0	0	0	1	1	1	1	1	0	0	0	0	0	0	0	1	0	1	1	1	0	0	0
35	0	0	1	0	0	0	0	0	1	0	0	0	1	0	0	0	0	0	1	0	0	0	1	0	1	0	0	0	0	0
36	0	1	0	1	0	0	1	0	0	0	0	1	0	1	1	1	1	1	0	1	1	0	0	0	1	1	1	0	0	1
37	0	0	0	0	1	0	1	1	1	0	0	0	0	0	0	1	0	0	0	0	0	0	0	0	0	0	0	0	0	0
38	1	1	0	1	0	1	0	0	1	0	0	0	1	1	1	1	1	1	1	0	1	0	0	0	0	1	1	0	0	1
39	1	0	0	0	1	0	1	0	0	1	0	0	0	0	0	0	0	1	0	1	1	0	1	0	0	1	0	1	0	0
40	1	0	0	0	0	0	1	0	1	0	1	0	0	0	1	1	0	1	0	1	1	0	1	1	0	1	1	1	0	0
41	0	0	0	0	0	0	0	1	0	0	0	0	0	1	0	1	1	0	0	0	0	0	0	1	0	0	1	0	0	0
42	0	0	0	0	0	0	0	0	0	0	0	1	1	0	0	1	0	0	0	0	0	0	0	0	0	0	0	0	1	0
43	0	0	0	0	0	0	0	0	0	0	0	0	1	0	0	0	0	0	1	0	0	0	0	0	0	0	0	0	0	0
44	1	0	0	1	0	0	0	0	0	0	0	0	0	0	0	0	0	0	0	0	0	0	0	0	1	1	0	0	0	0
45	0	1	0	0	1	0	0	0	0	0	0	0	0	0	0	0	0	0	0	0	0	1	0	0	0	0	0	0	0	1
46	1	1	0	1	0	0	1	0	0	1	1	1	0	0	1	1	1	0	1	1	0	0	1	0	0	1	0	1	1	0
47	1	0	1	1	1	1	0	1	0	0	1	1	0	0	0	0	1	0	0	0	1	0	0	0	0	0	0	0	1	0
48	0	1	1	1	1	0	0	1	0	1	0	0	1	0	1	1	1	0	1	1	1	1	0	1	1	0	1	1	0	1
49	0	1	1	1	0	0	0	0	1	0	0	1	1	1	0	1	0	1	0	1	0	0	0	1	1	1	0	0	0	0
50	0	0	0	0	0	0	0	0	0	1	0	0	0	1	0	0	0	0	0	0	0	0	0	0	0	0	0	0	0	0
51	0	1	0	0	0	0	1	0	0	0	1	0	0	0	1	0	1	0	0	0	0	1	0	0	1	0	1	1	0	1
52	0	0	1	0	1	1	0	0	0	0	0	0	0	0	0	1	0	0	1	0	1	0	1	1	0	0	1	0	0	0
53	0	0	0	0	0	0	0	0	0	1	0	0	1	0	0	0	0	0	0	0	0	1	0	0	0	1	1	1	0	0
54	0	1	0	1	0	1	0	0	0	1	1	0	0	0	1	1	0	0	0	1	0	1	0	0	0	0	0	0	0	1
55	0	0	0	0	0	0	0	0	0	0	0	1	0	0	0	0	0	0	0	0	0	0	0	0	1	0	0	0	0	0
56	0	1	0	0	1	0	1	1	0	0	0	0	1	0	0	1	1	0	0	1	1	0	0	0	0	0	0	0	0	0
57	1	0	1	0	0	1	1	0	0	1	1	0	0	1	0	1	0	0	0	1	0	0	0	0	1	1	0	0	0	0
58	0	1	1	1	1	0	1	1	1	0	0	0	1	0	0	1	0	0	0	0	0	0	0	1	0	0	0	0	1	0
59	1	0	0	0	0	0	1	1	1	1	0	0	1	0	0	0	1	0	0	0	1	0	0	1	0	0	0	0	0	0
60	0	0	0	0	0	0	0	0	1	0	1	0	0	0	1	0	0	0	0	0	0	0	0	0	0	0	0	1	0	1
