29.6
30
1	0.34	9.76
2	0.03	5.19
3	0.71	5.08
4	0.42	7
5	0.35	1.83
6	0.31	5.62
7	0.73	1.36
8	0.78	5.47
9	0.77	5.09
10	0.68	7.12
11	0.63	6.24
12	0.49	6.31
13	0.26	4.63
14	0.47	1.55
15	0.66	0.43
16	0.57	9.77
17	0.71	9.55
18	0.83	2.64
19	0.4	1.86
20	0.65	9.68
21	0.15	4.22
22	0.76	3.75
23	0.53	4.99
24	0.36	7.03
25	0.46	8.79
26	0.94	8.2
27	0.62	5.83
28	0.63	3.08
29	0.07	8.58
30	0.42	5.92
60
1	1	0	0	0	0	0	0	0	0	0	0	0	0	0	0	0	0	0	0	0	0	0	0	0	0	0	0	0	0	0
2	0	1	0	0	0	0	0	0	0	0	0	0	0	0	0	0	0	0	0	0	0	0	0	0	0	0	0	0	0	0
3	0	0	1	0	0	0	0	0	0	0	0	0	0	0	0	0	0	0	0	0	0	0	0	0	0	0	0	0	0	0
4	0	0	0	1	0	0	0	0	0	0	0	0	0	0	0	0	0	0	0	0	0	0	0	0	0	0	0	0	0	0
5	0	0	0	0	1	0	0	0	0	0	0	0	0	0	0	0	0	0	0	0	0	0	0	0	0	0	0	0	0	0
6	0	0	0	0	0	1	0	0	0	0	0	0	0	0	0	0	0	0	0	0	0	0	0	0	0	0	0	0	0	0
7	0	0	0	0	0	0	1	0	0	0	0	0	0	0	0	0	0	0	0	0	0	0	0	0	0	0	0	0	0	0
8	0	0	0	0	0	0	0	1	0	0	0	0	0	0	0	0	0	0	0	0	0	0	0	0	0	0	0	0	0	0
9	0	0	0	0	0	0	0	0	1	0	0	0	0	0	0	0	0	0	0	0	0	0	0	0	0	0	0	0	0	0
10	0	0	0	0	0	0	0	0	0	1	0	0	0	0	0	0	0	0	0	0	0	0	0	0	0	0	0	0	0	0
11	0	0	0	0	0	0	0	0	0	0	1	0	0	0	0	0	0	0	0	0	0	0	0	0	0	0	0	0	0	0
12	0	0	0	0	0	0	0	0	0	0	0	1	0	0	0	0	0	0	0	0	0	0	0	0	0	0	0	0	0	0
13	0	0	0	0	0	0	0	0	0	0	0	0	1	0	0	0	0	0	0	0	0	0	0	0	0	0	0	0	0	0
14	0	0	0	0	0	0	0	0	0	0	0	0	0	1	0	0	0	0	0	0	0	0	0	0	0	0	0	0	0	0
15	0	0	0	0	0	0	0	0	0	0	0	0	0	0	1	0	0	0	0	0	0	0	0	0	0	0	0	0	0	0
16	0	0	0	0	0	0	0	0	0	0	0	0	0	0	0	1	0	0	0	0	0	0	0	0	0	0	0	0	0	0
17	0	0	0	0	0	0	0	0	0	0	0	0	0	0	0	0	1	0	0	0	0	0	0	0	0	0	0	0	0	0
18	0	0	0	0	0	0	0	0	0	0	0	0	0	0	0	0	0	1	0	0	0	0	0	0	0	0	0	0	0	0
19	0	0	0	0	0	0	0	0	0	0	0	0	0	0	0	0	0	0	1	0	0	0	0	0	0	0	0	0	0	0
20	0	0	0	0	0	0	0	0	0	0	0	0	0	0	0	0	0	0	0	1	0	0	0	0	0	0	0	0	0	0
21	0	0	0	0	0	0	0	0	0	0	0	0	0	0	0	0	0	0	0	0	1	0	0	0	0	0	0	0	0	0
22	0	0	0	0	0	0	0	0	0	0	0	0	0	0	0	0	0	0	0	0	0	1	0	0	0	0	0	0	0	0
23	0	0	0	0	0	0	0	0	0	0	0	0	0	0	0	0	0	0	0	0	0	0	1	0	0	0	0	0	0	0
24	0	0	0	0	0	0	0	0	0	0	0	0	0	0	0	0	0	0	0	0	0	0	0	1	0	0	0	0	0	0
25	0	0	0	0	0	0	0	0	0	0	0	0	0	0	0	0	0	0	0	0	0	0	0	0	1	0	0	0	0	0
26	0	0	0	0	0	0	0	0	0	0	0	0	0	0	0	0	0	0	0	0	0	0	0	0	0	1	0	0	0	0
27	0	0	0	0	0	0	0	0	0	0	0	0	0	0	0	0	0	0	0	0	0	0	0	0	0	0	1	0	0	0
28	0	0	0	0	0	0	0	0	0	0	0	0	0	0	0	0	0	0	0	0	0	0	0	0	0	0	0	1	0	0
29	0	0	0	0	0	0	0	0	0	0	0	0	0	0	0	0	0	0	0	0	0	0	0	0	0	0	0	0	1	0
30	0	0	0	0	0	0	0	0	0	0	0	0	0	0	0	0	0	0	0	0	0	0	0	0	0	0	0	0	0	1
31	0	0	1	0	1	0	0	1	0	0	1	0	0	1	0	0	1	0	0	0	0	0	1	0	0	1	0	0	0	0
32	1	1	1	1	1	1	1	1	1	1	1	1	1	1	1	1	1	1	1	1	1	1	0	1	1	1	1	1	1	1
33	0	1	0	1	1	0	0	0	0	0	0	0	0	0	1	1	1	0	0	0	0	0	0	1	0	0	0	1	0	0
34	0	0	1	1	1	1	0	1	1	1	0	0	1	1	0	1	0	1	0	1	1	1	1	0	1	1	1	0	1	1
35	0	0	0	0	1	0	0	0	0	0	0	0	0	0	0	0	1	0	0	0	0	0	0	0	0	0	1	0	0	0
36	1	1	1	1	0	1	0	1	1	0	1	1	0	1	1	1	0	0	1	0	1	1	0	1	1	1	1	1	1	1
37	0	0	0	1	0	0	0	1	0	0	0	0	0	0	1	0	0	0	0	1	0	0	0	0	0	0	0	0	0	0
38	0	0	0	0	0	0	0	1	0	0	0	0	0	0	1	0	0	0	0	0	0	0	1	0	0	1	0	0	0	0
39	1	0	1	1	0	1	1	1	1	0	1	1	1	1	1	1	1	0	0	0	0	0	1	1	1	1	1	0	1	1
40	1	1	0	0	1	1	1	0	1	1	1	1	1	1	1	1	0	1	1	1	1	1	1	1	1	1	1	1	1	1
41	0	1	0	0	0	0	1	0	0	0	0	0	0	0	0	0	0	0	0	0	0	1	1	0	0	0	0	0	0	0
42	1	0	1	0	1	1	1	1	1	1	1	0	1	1	0	1	1	0	1	1	1	1	1	1	1	0	1	1	1	1
43	1	0	0	0	1	0	0	1	0	1	1	1	1	1	1	1	0	1	0	1	1	0	1	0	1	0	1	0	1	1
44	1	1	1	1	0	0	1	1	0	1	1	1	0	1	0	1	1	0	0	0	1	0	1	0	1	0	1	1	1	1
45	1	0	1	1	0	1	1	1	0	1	1	1	1	0	0	1	1	1	0	0	1	0	1	0	1	1	0	1	0	1
46	0	0	0	0	0	0	0	0	0	1	0	0	0	0	0	0	0	0	0	0	0	0	0	1	0	0	0	0	0	0
47	1	0	0	0	1	1	0	0	1	1	0	0	0	0	1	0	0	1	0	0	1	0	0	1	1	1	0	1	0	0
48	0	1	0	0	1	1	0	0	0	1	1	1	1	0	1	1	1	1	0	0	1	0	0	0	0	0	1	1	1	1
49	1	0	0	0	0	0	1	0	0	0	0	1	0	0	1	0	0	0	1	0	0	0	0	1	1	0	0	0	0	1
50	1	0	1	1	0	1	1	1	1	1	1	0	0	1	0	0	0	0	1	0	0	0	1	0	0	0	0	1	0	1
51	0	1	0	1	0	0	0	0	0	1	0	0	0	0	0	0	0	0	0	0	0	0	0	0	0	0	0	0	0	0
52	0	0	0	0	0	0	1	0	0	1	1	0	1	1	1	0	1	0	1	0	1	0	1	1	0	1	0	0	1	1
53	1	1	1	1	1	1	1	0	1	1	1	1	1	1	1	1	1	1	1	1	1	1	1	1	1	1	1	1	1	1
54	1	1	0	0	1	0	1	0	0	0	1	0	0	0	0	0	1	0	0	0	1	1	1	1	1	1	0	0	0	0
55	0	0	1	0	1	1	1	1	1	1	0	1	0	1	0	0	1	1	0	1	0	1	0	1	1	1	0	0	0	0
56	0	1	1	1	1	0	1	1	0	1	0	0	1	1	0	1	1	0	1	0	0	1	1	0	1	0	1	1	0	1
57	0	1	1	0	1	1	1	1	0	1	1	1	1	0	1	0	0	1	0	1	1	1	1	1	1	1	1	0	1	0
58	1	1	0	1	1	1	1	0	1	0	1	1	1	1	1	1	0	1	1	1	1	1	1	1	1	1	1	1	1	1
59	0	0	0	0	1	0	1	1	1	0	0	0	0	1	0	1	0	0	0	0	0	1	0	1	1	1	0	1	1	0
60	0	0	0	0	0	0	0	0	0	0	0	0	0	0	0	0	0	0	0	0	0	1	0	1	0	0	0	0	1	1
