6.2
50
1	0.92	2.85
2	0.97	4.06
3	0.48	8.15
4	0.66	1.99
5	0.26	5.66
6	0.52	0.65
7	0.41	3.78
8	0.17	6.42
9	0.69	8.74
10	0.49	2.61
11	0.37	1.64
12	0.25	2.54
13	0.42	3.61
14	0.08	4.43
15	0.08	2.04
16	0.35	6.01
17	0.75	1.73
18	0.22	6.53
19	0.55	4.96
20	0.11	9.41
21	0.39	9.07
22	0.2	7.58
23	0.8	4.33
24	0.92	3.58
25	0.61	2.56
26	0.19	1.64
27	0.44	8.66
28	0.38	8.39
29	0.31	3.46
30	0.61	9.49
31	0.19	1.25
32	0.62	9.74
33	0.89	3.39
34	0.42	2.95
35	0.17	7.33
36	0.49	3.79
37	0.12	2.74
38	0.24	1.19
39	0.2	5.33
40	0.67	3.64
41	0.7	2.49
42	0.3	5.55
43	0.88	6.8
44	0.58	0.84
45	0.91	5.28
46	0.46	0.8
47	0.57	1.91
48	0.22	5.52
49	0.98	1.44
50	0.88	4.93
100
1	1	0	0	0	0	0	0	0	0	0	0	0	0	0	0	0	0	0	0	0	0	0	0	0	0	0	0	0	0	0	0	0	0	0	0	0	0	0	0	0	0	0	0	0	0	0	0	0	0	0
2	0	1	0	0	0	0	0	0	0	0	0	0	0	0	0	0	0	0	0	0	0	0	0	0	0	0	0	0	0	0	0	0	0	0	0	0	0	0	0	0	0	0	0	0	0	0	0	0	0	0
3	0	0	1	0	0	0	0	0	0	0	0	0	0	0	0	0	0	0	0	0	0	0	0	0	0	0	0	0	0	0	0	0	0	0	0	0	0	0	0	0	0	0	0	0	0	0	0	0	0	0
4	0	0	0	1	0	0	0	0	0	0	0	0	0	0	0	0	0	0	0	0	0	0	0	0	0	0	0	0	0	0	0	0	0	0	0	0	0	0	0	0	0	0	0	0	0	0	0	0	0	0
5	0	0	0	0	1	0	0	0	0	0	0	0	0	0	0	0	0	0	0	0	0	0	0	0	0	0	0	0	0	0	0	0	0	0	0	0	0	0	0	0	0	0	0	0	0	0	0	0	0	0
6	0	0	0	0	0	1	0	0	0	0	0	0	0	0	0	0	0	0	0	0	0	0	0	0	0	0	0	0	0	0	0	0	0	0	0	0	0	0	0	0	0	0	0	0	0	0	0	0	0	0
7	0	0	0	0	0	0	1	0	0	0	0	0	0	0	0	0	0	0	0	0	0	0	0	0	0	0	0	0	0	0	0	0	0	0	0	0	0	0	0	0	0	0	0	0	0	0	0	0	0	0
8	0	0	0	0	0	0	0	1	0	0	0	0	0	0	0	0	0	0	0	0	0	0	0	0	0	0	0	0	0	0	0	0	0	0	0	0	0	0	0	0	0	0	0	0	0	0	0	0	0	0
9	0	0	0	0	0	0	0	0	1	0	0	0	0	0	0	0	0	0	0	0	0	0	0	0	0	0	0	0	0	0	0	0	0	0	0	0	0	0	0	0	0	0	0	0	0	0	0	0	0	0
10	0	0	0	0	0	0	0	0	0	1	0	0	0	0	0	0	0	0	0	0	0	0	0	0	0	0	0	0	0	0	0	0	0	0	0	0	0	0	0	0	0	0	0	0	0	0	0	0	0	0
11	0	0	0	0	0	0	0	0	0	0	1	0	0	0	0	0	0	0	0	0	0	0	0	0	0	0	0	0	0	0	0	0	0	0	0	0	0	0	0	0	0	0	0	0	0	0	0	0	0	0
12	0	0	0	0	0	0	0	0	0	0	0	1	0	0	0	0	0	0	0	0	0	0	0	0	0	0	0	0	0	0	0	0	0	0	0	0	0	0	0	0	0	0	0	0	0	0	0	0	0	0
13	0	0	0	0	0	0	0	0	0	0	0	0	1	0	0	0	0	0	0	0	0	0	0	0	0	0	0	0	0	0	0	0	0	0	0	0	0	0	0	0	0	0	0	0	0	0	0	0	0	0
14	0	0	0	0	0	0	0	0	0	0	0	0	0	1	0	0	0	0	0	0	0	0	0	0	0	0	0	0	0	0	0	0	0	0	0	0	0	0	0	0	0	0	0	0	0	0	0	0	0	0
15	0	0	0	0	0	0	0	0	0	0	0	0	0	0	1	0	0	0	0	0	0	0	0	0	0	0	0	0	0	0	0	0	0	0	0	0	0	0	0	0	0	0	0	0	0	0	0	0	0	0
16	0	0	0	0	0	0	0	0	0	0	0	0	0	0	0	1	0	0	0	0	0	0	0	0	0	0	0	0	0	0	0	0	0	0	0	0	0	0	0	0	0	0	0	0	0	0	0	0	0	0
17	0	0	0	0	0	0	0	0	0	0	0	0	0	0	0	0	1	0	0	0	0	0	0	0	0	0	0	0	0	0	0	0	0	0	0	0	0	0	0	0	0	0	0	0	0	0	0	0	0	0
18	0	0	0	0	0	0	0	0	0	0	0	0	0	0	0	0	0	1	0	0	0	0	0	0	0	0	0	0	0	0	0	0	0	0	0	0	0	0	0	0	0	0	0	0	0	0	0	0	0	0
19	0	0	0	0	0	0	0	0	0	0	0	0	0	0	0	0	0	0	1	0	0	0	0	0	0	0	0	0	0	0	0	0	0	0	0	0	0	0	0	0	0	0	0	0	0	0	0	0	0	0
20	0	0	0	0	0	0	0	0	0	0	0	0	0	0	0	0	0	0	0	1	0	0	0	0	0	0	0	0	0	0	0	0	0	0	0	0	0	0	0	0	0	0	0	0	0	0	0	0	0	0
21	0	0	0	0	0	0	0	0	0	0	0	0	0	0	0	0	0	0	0	0	1	0	0	0	0	0	0	0	0	0	0	0	0	0	0	0	0	0	0	0	0	0	0	0	0	0	0	0	0	0
22	0	0	0	0	0	0	0	0	0	0	0	0	0	0	0	0	0	0	0	0	0	1	0	0	0	0	0	0	0	0	0	0	0	0	0	0	0	0	0	0	0	0	0	0	0	0	0	0	0	0
23	0	0	0	0	0	0	0	0	0	0	0	0	0	0	0	0	0	0	0	0	0	0	1	0	0	0	0	0	0	0	0	0	0	0	0	0	0	0	0	0	0	0	0	0	0	0	0	0	0	0
24	0	0	0	0	0	0	0	0	0	0	0	0	0	0	0	0	0	0	0	0	0	0	0	1	0	0	0	0	0	0	0	0	0	0	0	0	0	0	0	0	0	0	0	0	0	0	0	0	0	0
25	0	0	0	0	0	0	0	0	0	0	0	0	0	0	0	0	0	0	0	0	0	0	0	0	1	0	0	0	0	0	0	0	0	0	0	0	0	0	0	0	0	0	0	0	0	0	0	0	0	0
26	0	0	0	0	0	0	0	0	0	0	0	0	0	0	0	0	0	0	0	0	0	0	0	0	0	1	0	0	0	0	0	0	0	0	0	0	0	0	0	0	0	0	0	0	0	0	0	0	0	0
27	0	0	0	0	0	0	0	0	0	0	0	0	0	0	0	0	0	0	0	0	0	0	0	0	0	0	1	0	0	0	0	0	0	0	0	0	0	0	0	0	0	0	0	0	0	0	0	0	0	0
28	0	0	0	0	0	0	0	0	0	0	0	0	0	0	0	0	0	0	0	0	0	0	0	0	0	0	0	1	0	0	0	0	0	0	0	0	0	0	0	0	0	0	0	0	0	0	0	0	0	0
29	0	0	0	0	0	0	0	0	0	0	0	0	0	0	0	0	0	0	0	0	0	0	0	0	0	0	0	0	1	0	0	0	0	0	0	0	0	0	0	0	0	0	0	0	0	0	0	0	0	0
30	0	0	0	0	0	0	0	0	0	0	0	0	0	0	0	0	0	0	0	0	0	0	0	0	0	0	0	0	0	1	0	0	0	0	0	0	0	0	0	0	0	0	0	0	0	0	0	0	0	0
31	0	0	0	0	0	0	0	0	0	0	0	0	0	0	0	0	0	0	0	0	0	0	0	0	0	0	0	0	0	0	1	0	0	0	0	0	0	0	0	0	0	0	0	0	0	0	0	0	0	0
32	0	0	0	0	0	0	0	0	0	0	0	0	0	0	0	0	0	0	0	0	0	0	0	0	0	0	0	0	0	0	0	1	0	0	0	0	0	0	0	0	0	0	0	0	0	0	0	0	0	0
33	0	0	0	0	0	0	0	0	0	0	0	0	0	0	0	0	0	0	0	0	0	0	0	0	0	0	0	0	0	0	0	0	1	0	0	0	0	0	0	0	0	0	0	0	0	0	0	0	0	0
34	0	0	0	0	0	0	0	0	0	0	0	0	0	0	0	0	0	0	0	0	0	0	0	0	0	0	0	0	0	0	0	0	0	1	0	0	0	0	0	0	0	0	0	0	0	0	0	0	0	0
35	0	0	0	0	0	0	0	0	0	0	0	0	0	0	0	0	0	0	0	0	0	0	0	0	0	0	0	0	0	0	0	0	0	0	1	0	0	0	0	0	0	0	0	0	0	0	0	0	0	0
36	0	0	0	0	0	0	0	0	0	0	0	0	0	0	0	0	0	0	0	0	0	0	0	0	0	0	0	0	0	0	0	0	0	0	0	1	0	0	0	0	0	0	0	0	0	0	0	0	0	0
37	0	0	0	0	0	0	0	0	0	0	0	0	0	0	0	0	0	0	0	0	0	0	0	0	0	0	0	0	0	0	0	0	0	0	0	0	1	0	0	0	0	0	0	0	0	0	0	0	0	0
38	0	0	0	0	0	0	0	0	0	0	0	0	0	0	0	0	0	0	0	0	0	0	0	0	0	0	0	0	0	0	0	0	0	0	0	0	0	1	0	0	0	0	0	0	0	0	0	0	0	0
39	0	0	0	0	0	0	0	0	0	0	0	0	0	0	0	0	0	0	0	0	0	0	0	0	0	0	0	0	0	0	0	0	0	0	0	0	0	0	1	0	0	0	0	0	0	0	0	0	0	0
40	0	0	0	0	0	0	0	0	0	0	0	0	0	0	0	0	0	0	0	0	0	0	0	0	0	0	0	0	0	0	0	0	0	0	0	0	0	0	0	1	0	0	0	0	0	0	0	0	0	0
41	0	0	0	0	0	0	0	0	0	0	0	0	0	0	0	0	0	0	0	0	0	0	0	0	0	0	0	0	0	0	0	0	0	0	0	0	0	0	0	0	1	0	0	0	0	0	0	0	0	0
42	0	0	0	0	0	0	0	0	0	0	0	0	0	0	0	0	0	0	0	0	0	0	0	0	0	0	0	0	0	0	0	0	0	0	0	0	0	0	0	0	0	1	0	0	0	0	0	0	0	0
43	0	0	0	0	0	0	0	0	0	0	0	0	0	0	0	0	0	0	0	0	0	0	0	0	0	0	0	0	0	0	0	0	0	0	0	0	0	0	0	0	0	0	1	0	0	0	0	0	0	0
44	0	0	0	0	0	0	0	0	0	0	0	0	0	0	0	0	0	0	0	0	0	0	0	0	0	0	0	0	0	0	0	0	0	0	0	0	0	0	0	0	0	0	0	1	0	0	0	0	0	0
45	0	0	0	0	0	0	0	0	0	0	0	0	0	0	0	0	0	0	0	0	0	0	0	0	0	0	0	0	0	0	0	0	0	0	0	0	0	0	0	0	0	0	0	0	1	0	0	0	0	0
46	0	0	0	0	0	0	0	0	0	0	0	0	0	0	0	0	0	0	0	0	0	0	0	0	0	0	0	0	0	0	0	0	0	0	0	0	0	0	0	0	0	0	0	0	0	1	0	0	0	0
47	0	0	0	0	0	0	0	0	0	0	0	0	0	0	0	0	0	0	0	0	0	0	0	0	0	0	0	0	0	0	0	0	0	0	0	0	0	0	0	0	0	0	0	0	0	0	1	0	0	0
48	0	0	0	0	0	0	0	0	0	0	0	0	0	0	0	0	0	0	0	0	0	0	0	0	0	0	0	0	0	0	0	0	0	0	0	0	0	0	0	0	0	0	0	0	0	0	0	1	0	0
49	0	0	0	0	0	0	0	0	0	0	0	0	0	0	0	0	0	0	0	0	0	0	0	0	0	0	0	0	0	0	0	0	0	0	0	0	0	0	0	0	0	0	0	0	0	0	0	0	1	0
50	0	0	0	0	0	0	0	0	0	0	0	0	0	0	0	0	0	0	0	0	0	0	0	0	0	0	0	0	0	0	0	0	0	0	0	0	0	0	0	0	0	0	0	0	0	0	0	0	0	1
51	1	1	1	1	0	1	1	1	1	1	1	1	1	1	1	1	1	1	1	1	1	1	1	1	1	1	1	1	1	1	1	1	1	1	1	1	1	1	1	1	1	1	1	1	1	1	1	1	1	1
52	1	1	1	1	1	0	0	0	1	1	1	1	0	0	0	0	1	1	1	1	1	0	1	0	0	0	0	0	1	0	0	1	1	0	0	1	1	1	0	1	1	1	0	0	0	1	0	0	0	0
53	1	0	0	1	0	0	0	0	0	0	1	0	0	0	0	1	0	0	0	0	0	1	1	0	1	1	1	0	0	0	0	0	1	0	1	0	0	0	0	0	0	0	0	0	0	0	0	0	1	1
54	1	1	1	1	0	0	1	1	1	1	0	0	1	0	1	1	1	1	0	1	0	1	0	1	0	1	0	1	1	1	0	1	1	0	1	1	1	0	0	1	0	1	1	1	1	1	1	0	0	1
55	0	0	0	0	0	0	0	0	1	0	0	0	0	0	0	1	0	0	1	1	0	1	0	1	0	0	0	0	0	0	0	1	0	0	0	0	0	0	0	0	0	0	0	0	0	0	1	1	0	0
56	0	0	0	0	1	0	1	0	0	0	0	0	0	0	0	0	0	0	0	0	0	0	0	0	0	0	0	0	0	0	0	0	0	0	0	0	0	0	0	0	0	0	0	0	0	0	0	0	0	0
57	0	1	0	1	1	1	0	1	0	1	1	0	1	1	1	1	0	1	0	0	1	0	1	1	1	1	1	0	1	1	0	1	1	1	0	1	1	0	0	1	0	1	0	1	1	0	1	1	1	1
58	0	1	0	0	0	1	0	1	0	1	1	0	0	0	0	1	1	0	1	1	0	0	1	1	0	0	0	0	0	0	1	0	0	1	1	0	1	0	1	0	0	1	0	0	1	0	1	0	0	1
59	1	0	0	1	0	0	0	0	1	0	0	0	1	1	0	0	1	0	0	0	0	0	1	0	0	0	0	0	0	0	0	0	0	0	0	0	0	0	0	0	0	0	0	0	0	0	0	0	1	0
60	0	1	1	0	0	0	0	0	0	0	1	1	1	0	1	0	1	1	0	0	0	1	1	1	0	0	0	0	1	1	0	0	1	0	1	1	1	1	0	1	0	1	0	0	1	1	0	0	0	1
61	0	1	0	0	0	0	0	0	0	0	0	0	0	0	0	0	0	0	0	0	0	0	0	0	0	0	0	0	0	0	0	0	0	0	0	0	0	0	0	1	0	0	0	0	0	0	1	0	0	0
62	1	0	0	0	1	0	0	1	1	0	0	0	0	1	0	0	0	0	1	0	0	1	1	0	0	1	0	1	1	0	0	0	1	1	0	1	0	0	0	1	0	0	1	0	0	0	1	1	1	0
63	0	1	0	0	1	0	0	0	0	0	0	0	1	1	0	1	1	0	1	0	0	1	1	1	1	0	0	1	1	0	0	0	0	0	0	1	0	0	0	0	1	0	1	0	0	0	0	1	1	0
64	0	0	1	1	0	1	1	1	0	0	1	1	0	1	1	1	1	1	1	0	1	1	1	0	1	1	0	1	0	0	1	1	1	0	1	0	1	1	0	1	0	1	1	1	1	0	1	1	0	0
65	1	0	0	1	1	1	1	0	0	1	1	1	1	1	1	1	1	1	1	1	1	1	1	1	1	1	0	1	1	1	1	1	0	1	1	1	1	1	1	1	1	1	1	1	1	1	1	1	1	1
66	0	0	0	1	1	0	0	0	1	1	0	1	1	0	0	0	0	0	0	1	1	0	1	1	1	1	0	1	1	0	0	1	0	1	1	0	1	1	1	0	1	1	1	0	1	1	1	1	1	1
67	1	1	0	0	0	1	0	1	0	0	1	0	1	0	0	1	0	0	0	1	1	0	0	0	1	0	0	0	1	0	0	0	0	1	0	0	0	0	0	0	0	1	1	0	1	0	0	1	0	0
68	0	1	1	0	1	0	1	1	1	1	1	1	1	0	1	1	1	1	1	1	1	1	1	1	1	1	0	1	1	1	1	1	1	1	0	1	0	1	1	1	1	1	1	1	1	1	1	1	1	0
69	0	0	1	0	1	0	0	1	1	0	1	1	0	0	1	0	1	1	1	0	0	1	0	1	1	0	1	1	0	0	1	1	0	0	0	0	0	0	0	0	0	0	0	1	1	1	1	0	1	0
70	1	1	1	1	1	1	1	1	1	0	1	1	0	1	0	1	1	1	1	1	0	1	1	1	1	0	1	1	1	1	0	1	1	1	1	1	1	1	1	0	1	0	1	1	0	1	1	1	1	0
71	1	1	1	1	1	1	1	1	0	1	1	0	1	0	1	1	1	1	1	1	0	1	1	1	1	1	1	1	1	1	1	1	1	0	1	0	1	1	1	1	1	1	1	1	1	1	0	1	1	1
72	0	0	1	0	1	1	0	1	0	0	0	1	1	0	0	1	1	0	1	0	0	1	0	1	1	0	0	0	1	0	1	1	0	0	0	1	0	0	1	0	0	1	0	0	0	1	0	0	0	0
73	1	1	1	0	1	1	1	1	1	0	1	1	1	0	1	1	1	1	1	1	1	1	1	1	1	1	1	1	1	1	0	0	1	1	0	1	1	1	1	1	1	1	1	1	1	1	0	1	1	1
74	0	0	1	0	1	1	1	0	1	0	1	0	1	0	1	0	0	0	0	0	0	0	0	1	1	1	0	1	1	1	1	0	0	1	1	0	0	0	1	0	0	0	0	0	1	0	0	1	0	1
75	0	0	0	1	1	0	0	1	1	0	1	0	1	1	1	0	0	0	0	0	1	0	0	1	0	1	1	0	1	0	0	0	1	0	1	0	1	0	0	0	1	1	1	0	1	0	0	0	0	0
76	0	1	0	0	1	0	1	0	0	0	0	0	1	0	1	0	0	0	0	1	0	0	1	0	1	0	1	0	1	0	1	1	0	0	1	0	0	0	0	0	1	0	1	0	0	1	0	1	1	0
77	0	0	0	0	1	1	1	0	1	0	0	0	0	1	1	0	0	1	0	0	1	0	0	0	1	0	0	0	0	0	1	0	0	1	0	0	0	0	0	0	0	0	0	0	0	1	1	0	0	0
78	1	0	1	0	1	0	1	1	0	0	0	0	0	0	1	0	1	0	0	1	0	0	0	1	1	0	0	0	0	0	0	1	0	0	0	0	0	0	1	0	0	0	0	1	0	0	0	0	0	1
79	0	0	1	0	1	0	0	0	1	0	0	0	0	0	1	0	0	0	1	0	0	0	0	0	0	1	0	0	1	1	0	0	0	0	0	0	0	0	1	1	0	0	0	0	0	0	0	0	1	0
80	0	1	1	1	0	1	0	1	1	0	1	1	1	1	1	0	1	1	1	1	1	0	0	0	0	1	1	1	1	0	1	1	1	1	1	1	1	0	1	0	0	1	1	0	1	0	0	1	1	1
81	0	0	0	0	0	1	1	0	0	0	0	0	0	0	0	1	0	1	1	0	0	0	0	0	0	0	0	0	0	0	0	0	0	0	1	1	1	1	0	1	0	1	0	0	1	0	1	0	0	1
82	0	1	1	1	1	0	1	0	1	0	0	1	0	0	1	1	0	1	0	0	0	1	1	0	1	1	0	1	0	0	1	0	0	0	0	0	0	1	0	0	0	0	1	0	1	0	1	1	1	0
83	1	0	1	1	0	1	1	1	1	1	1	1	1	1	1	1	1	0	1	1	0	1	1	1	1	0	1	1	0	1	1	1	1	1	1	1	1	1	1	0	0	1	0	1	1	1	1	0	0	0
84	0	0	1	0	0	0	0	0	0	0	0	0	0	1	0	0	0	0	0	1	0	0	0	0	0	0	0	0	0	0	0	0	0	0	1	0	0	0	0	0	0	0	1	0	0	0	0	0	0	0
85	1	1	1	0	0	1	1	0	0	0	0	0	0	1	1	0	0	0	0	1	0	0	1	0	0	1	0	0	0	0	1	1	0	1	0	1	1	0	1	1	1	1	0	0	0	1	1	0	1	1
86	1	1	1	1	1	1	1	1	1	1	1	1	1	1	1	1	1	1	1	1	1	1	1	1	0	1	1	1	1	1	1	1	1	1	1	1	1	1	1	1	1	1	1	1	1	1	1	0	1	1
87	1	0	0	0	1	0	1	0	1	1	0	0	0	0	0	1	0	0	0	0	0	0	0	0	0	0	0	0	0	0	0	0	0	0	0	0	0	0	0	0	1	0	0	0	0	0	0	0	0	0
88	0	1	1	1	1	1	0	1	0	0	1	0	1	1	1	0	1	0	1	0	0	0	1	1	0	1	0	0	1	0	1	0	0	0	0	0	0	1	1	0	1	0	0	0	1	0	1	1	0	0
89	1	1	1	1	1	1	1	1	1	1	1	1	1	1	1	1	1	1	0	1	1	0	1	1	1	1	1	1	1	1	1	1	1	1	1	1	1	1	1	1	1	1	0	1	1	1	1	1	1	1
90	1	0	0	0	1	1	0	0	0	0	0	0	1	0	1	0	0	0	1	1	1	1	0	1	0	0	1	1	1	1	0	0	1	1	0	0	0	1	0	1	1	1	1	1	0	1	1	0	1	0
91	0	0	0	1	0	1	1	0	0	1	0	0	0	0	0	0	0	0	0	0	1	0	0	1	1	1	1	0	0	0	0	1	1	0	0	1	0	0	0	1	0	1	1	1	0	1	1	0	0	0
92	0	0	0	0	0	0	0	0	1	0	1	0	0	0	0	0	0	0	1	1	0	0	0	0	0	0	0	0	0	0	0	0	0	0	0	0	0	0	0	0	0	0	0	0	0	0	0	0	0	0
93	0	0	1	1	0	0	0	1	0	0	0	0	0	0	0	0	1	0	0	0	1	1	0	1	0	1	0	0	1	0	0	1	0	0	1	1	0	1	0	1	1	0	0	1	1	0	0	0	0	0
94	0	1	1	1	1	1	1	1	1	1	1	1	1	1	1	1	1	1	1	1	1	1	1	1	0	1	1	1	1	1	1	1	1	1	0	0	1	1	0	0	1	1	1	0	1	1	1	1	1	1
95	1	0	1	1	1	1	1	0	0	1	0	1	1	0	0	1	0	1	0	1	1	1	0	1	0	0	0	1	0	1	1	1	1	1	1	1	1	0	1	1	0	0	0	1	0	1	1	0	0	1
96	1	0	1	0	1	0	0	0	0	0	1	0	0	0	0	1	0	0	0	1	0	0	0	0	0	0	0	0	0	0	0	0	0	0	0	1	1	0	1	0	0	1	1	0	0	0	0	0	1	0
97	0	1	0	0	0	0	0	0	0	0	1	0	0	0	0	0	0	0	0	0	0	1	0	0	0	0	0	0	1	0	1	0	0	0	0	0	0	0	0	0	0	1	0	1	0	0	0	0	0	0
98	0	1	0	0	1	1	1	1	1	1	1	1	1	0	1	1	1	0	1	1	1	1	1	1	1	0	1	1	0	0	1	1	1	1	0	0	1	1	1	1	0	1	1	1	0	0	1	1	1	1
99	0	0	0	0	0	0	0	0	0	0	0	0	0	0	0	0	0	0	0	0	0	0	1	0	0	1	0	0	0	1	1	0	0	0	0	1	0	0	0	0	0	1	0	0	0	0	0	0	0	0
100	1	1	1	1	1	1	0	0	0	0	1	1	0	1	1	1	1	0	1	1	0	1	1	1	0	1	1	0	1	1	1	1	1	1	1	1	0	1	1	0	0	1	1	1	1	1	1	1	0	1
