32
40
1	0.88	0.71
2	0.24	9.21
3	0.57	6.49
4	0.32	5.24
5	0.94	5.98
6	0.42	3.47
7	0.81	9.95
8	0.96	7.28
9	0.5	3.69
10	0.91	6.27
11	0.94	6.55
12	0.96	1.87
13	0.41	0.08
14	0.78	4.53
15	0.49	4.33
16	0.66	9.96
17	0.42	1.43
18	0.35	6.18
19	0.37	2.7
20	0.42	3.42
21	0.82	0.12
22	0.11	9.75
23	0.52	7.51
24	0.86	4.96
25	0.19	8.52
26	0.43	8.68
27	0.55	7.62
28	0.05	3.79
29	0.81	9.26
30	0.17	1.98
31	0.13	1.13
32	0.54	6.8
33	0.14	6.39
34	0.12	1.33
35	0.32	3.13
36	0.31	0.55
37	0.01	7.57
38	0.41	7.42
39	0.83	2.99
40	0.5	9.92
80
1	1	0	0	0	0	0	0	0	0	0	0	0	0	0	0	0	0	0	0	0	0	0	0	0	0	0	0	0	0	0	0	0	0	0	0	0	0	0	0	0
2	0	1	0	0	0	0	0	0	0	0	0	0	0	0	0	0	0	0	0	0	0	0	0	0	0	0	0	0	0	0	0	0	0	0	0	0	0	0	0	0
3	0	0	1	0	0	0	0	0	0	0	0	0	0	0	0	0	0	0	0	0	0	0	0	0	0	0	0	0	0	0	0	0	0	0	0	0	0	0	0	0
4	0	0	0	1	0	0	0	0	0	0	0	0	0	0	0	0	0	0	0	0	0	0	0	0	0	0	0	0	0	0	0	0	0	0	0	0	0	0	0	0
5	0	0	0	0	1	0	0	0	0	0	0	0	0	0	0	0	0	0	0	0	0	0	0	0	0	0	0	0	0	0	0	0	0	0	0	0	0	0	0	0
6	0	0	0	0	0	1	0	0	0	0	0	0	0	0	0	0	0	0	0	0	0	0	0	0	0	0	0	0	0	0	0	0	0	0	0	0	0	0	0	0
7	0	0	0	0	0	0	1	0	0	0	0	0	0	0	0	0	0	0	0	0	0	0	0	0	0	0	0	0	0	0	0	0	0	0	0	0	0	0	0	0
8	0	0	0	0	0	0	0	1	0	0	0	0	0	0	0	0	0	0	0	0	0	0	0	0	0	0	0	0	0	0	0	0	0	0	0	0	0	0	0	0
9	0	0	0	0	0	0	0	0	1	0	0	0	0	0	0	0	0	0	0	0	0	0	0	0	0	0	0	0	0	0	0	0	0	0	0	0	0	0	0	0
10	0	0	0	0	0	0	0	0	0	1	0	0	0	0	0	0	0	0	0	0	0	0	0	0	0	0	0	0	0	0	0	0	0	0	0	0	0	0	0	0
11	0	0	0	0	0	0	0	0	0	0	1	0	0	0	0	0	0	0	0	0	0	0	0	0	0	0	0	0	0	0	0	0	0	0	0	0	0	0	0	0
12	0	0	0	0	0	0	0	0	0	0	0	1	0	0	0	0	0	0	0	0	0	0	0	0	0	0	0	0	0	0	0	0	0	0	0	0	0	0	0	0
13	0	0	0	0	0	0	0	0	0	0	0	0	1	0	0	0	0	0	0	0	0	0	0	0	0	0	0	0	0	0	0	0	0	0	0	0	0	0	0	0
14	0	0	0	0	0	0	0	0	0	0	0	0	0	1	0	0	0	0	0	0	0	0	0	0	0	0	0	0	0	0	0	0	0	0	0	0	0	0	0	0
15	0	0	0	0	0	0	0	0	0	0	0	0	0	0	1	0	0	0	0	0	0	0	0	0	0	0	0	0	0	0	0	0	0	0	0	0	0	0	0	0
16	0	0	0	0	0	0	0	0	0	0	0	0	0	0	0	1	0	0	0	0	0	0	0	0	0	0	0	0	0	0	0	0	0	0	0	0	0	0	0	0
17	0	0	0	0	0	0	0	0	0	0	0	0	0	0	0	0	1	0	0	0	0	0	0	0	0	0	0	0	0	0	0	0	0	0	0	0	0	0	0	0
18	0	0	0	0	0	0	0	0	0	0	0	0	0	0	0	0	0	1	0	0	0	0	0	0	0	0	0	0	0	0	0	0	0	0	0	0	0	0	0	0
19	0	0	0	0	0	0	0	0	0	0	0	0	0	0	0	0	0	0	1	0	0	0	0	0	0	0	0	0	0	0	0	0	0	0	0	0	0	0	0	0
20	0	0	0	0	0	0	0	0	0	0	0	0	0	0	0	0	0	0	0	1	0	0	0	0	0	0	0	0	0	0	0	0	0	0	0	0	0	0	0	0
21	0	0	0	0	0	0	0	0	0	0	0	0	0	0	0	0	0	0	0	0	1	0	0	0	0	0	0	0	0	0	0	0	0	0	0	0	0	0	0	0
22	0	0	0	0	0	0	0	0	0	0	0	0	0	0	0	0	0	0	0	0	0	1	0	0	0	0	0	0	0	0	0	0	0	0	0	0	0	0	0	0
23	0	0	0	0	0	0	0	0	0	0	0	0	0	0	0	0	0	0	0	0	0	0	1	0	0	0	0	0	0	0	0	0	0	0	0	0	0	0	0	0
24	0	0	0	0	0	0	0	0	0	0	0	0	0	0	0	0	0	0	0	0	0	0	0	1	0	0	0	0	0	0	0	0	0	0	0	0	0	0	0	0
25	0	0	0	0	0	0	0	0	0	0	0	0	0	0	0	0	0	0	0	0	0	0	0	0	1	0	0	0	0	0	0	0	0	0	0	0	0	0	0	0
26	0	0	0	0	0	0	0	0	0	0	0	0	0	0	0	0	0	0	0	0	0	0	0	0	0	1	0	0	0	0	0	0	0	0	0	0	0	0	0	0
27	0	0	0	0	0	0	0	0	0	0	0	0	0	0	0	0	0	0	0	0	0	0	0	0	0	0	1	0	0	0	0	0	0	0	0	0	0	0	0	0
28	0	0	0	0	0	0	0	0	0	0	0	0	0	0	0	0	0	0	0	0	0	0	0	0	0	0	0	1	0	0	0	0	0	0	0	0	0	0	0	0
29	0	0	0	0	0	0	0	0	0	0	0	0	0	0	0	0	0	0	0	0	0	0	0	0	0	0	0	0	1	0	0	0	0	0	0	0	0	0	0	0
30	0	0	0	0	0	0	0	0	0	0	0	0	0	0	0	0	0	0	0	0	0	0	0	0	0	0	0	0	0	1	0	0	0	0	0	0	0	0	0	0
31	0	0	0	0	0	0	0	0	0	0	0	0	0	0	0	0	0	0	0	0	0	0	0	0	0	0	0	0	0	0	1	0	0	0	0	0	0	0	0	0
32	0	0	0	0	0	0	0	0	0	0	0	0	0	0	0	0	0	0	0	0	0	0	0	0	0	0	0	0	0	0	0	1	0	0	0	0	0	0	0	0
33	0	0	0	0	0	0	0	0	0	0	0	0	0	0	0	0	0	0	0	0	0	0	0	0	0	0	0	0	0	0	0	0	1	0	0	0	0	0	0	0
34	0	0	0	0	0	0	0	0	0	0	0	0	0	0	0	0	0	0	0	0	0	0	0	0	0	0	0	0	0	0	0	0	0	1	0	0	0	0	0	0
35	0	0	0	0	0	0	0	0	0	0	0	0	0	0	0	0	0	0	0	0	0	0	0	0	0	0	0	0	0	0	0	0	0	0	1	0	0	0	0	0
36	0	0	0	0	0	0	0	0	0	0	0	0	0	0	0	0	0	0	0	0	0	0	0	0	0	0	0	0	0	0	0	0	0	0	0	1	0	0	0	0
37	0	0	0	0	0	0	0	0	0	0	0	0	0	0	0	0	0	0	0	0	0	0	0	0	0	0	0	0	0	0	0	0	0	0	0	0	1	0	0	0
38	0	0	0	0	0	0	0	0	0	0	0	0	0	0	0	0	0	0	0	0	0	0	0	0	0	0	0	0	0	0	0	0	0	0	0	0	0	1	0	0
39	0	0	0	0	0	0	0	0	0	0	0	0	0	0	0	0	0	0	0	0	0	0	0	0	0	0	0	0	0	0	0	0	0	0	0	0	0	0	1	0
40	0	0	0	0	0	0	0	0	0	0	0	0	0	0	0	0	0	0	0	0	0	0	0	0	0	0	0	0	0	0	0	0	0	0	0	0	0	0	0	1
41	1	1	0	0	1	1	0	0	1	1	1	1	0	0	1	0	0	1	1	1	0	1	1	1	0	1	1	0	1	1	1	0	1	1	0	0	0	0	1	1
42	0	0	0	1	1	1	0	0	0	1	0	1	0	0	0	0	0	1	0	0	0	0	1	1	0	1	0	0	0	1	0	0	1	1	0	0	1	0	0	0
43	0	1	1	1	1	1	1	1	1	1	0	1	1	0	1	1	1	1	1	1	0	1	1	1	1	1	0	1	1	1	1	1	1	0	1	1	1	1	0	0
44	1	1	1	1	1	1	1	1	0	1	1	1	1	1	1	1	1	1	1	1	1	1	1	1	1	1	0	1	1	0	0	0	1	1	0	0	1	1	1	1
45	1	0	0	1	0	1	0	1	0	0	1	0	0	0	0	1	0	0	1	1	0	0	0	0	0	1	1	1	1	0	1	1	0	1	1	1	0	1	1	1
46	0	0	1	0	1	0	0	0	0	0	0	1	1	1	1	0	1	1	0	1	0	0	1	1	0	0	1	0	1	0	0	0	1	1	1	0	1	0	0	0
47	0	1	0	1	0	0	0	1	0	1	0	0	1	1	0	0	1	1	1	0	0	1	1	1	0	1	1	0	1	0	1	0	1	1	0	1	1	1	1	1
48	1	1	1	1	1	0	0	0	1	1	0	1	1	1	1	1	1	1	1	1	0	1	1	0	1	1	1	1	0	0	1	1	1	0	1	0	1	0	1	0
49	1	1	1	1	1	1	1	0	1	1	0	1	1	1	1	1	1	1	1	1	1	1	1	0	1	1	1	1	1	1	1	1	1	1	1	1	1	1	1	1
50	0	0	1	1	1	1	0	1	0	1	0	0	0	1	1	1	1	1	0	1	1	1	0	0	1	1	1	1	0	1	0	0	0	1	1	0	0	0	1	0
51	1	0	0	0	0	0	0	1	0	0	0	0	0	0	1	1	0	0	1	0	0	0	0	0	0	0	0	0	0	0	0	0	1	0	0	0	1	1	0	0
52	0	0	0	0	1	0	0	0	0	0	0	0	0	0	0	0	1	0	0	1	0	0	0	1	0	0	0	1	1	0	0	0	0	0	0	1	1	0	1	0
53	0	0	0	1	0	0	0	0	0	1	0	1	0	0	0	0	0	0	0	1	0	0	1	0	0	0	0	0	0	0	0	0	0	1	0	0	0	1	0	0
54	0	0	0	0	0	0	0	0	0	0	0	0	1	1	0	0	0	0	0	0	0	0	0	0	0	0	0	0	0	0	1	1	1	0	0	0	1	1	0	0
55	1	1	0	1	1	0	1	0	1	1	1	0	1	1	1	0	0	1	1	1	1	0	1	1	1	1	0	1	0	0	1	0	1	1	0	0	0	0	1	1
56	0	0	0	1	1	1	1	0	0	1	0	0	1	0	1	0	0	0	0	1	1	1	1	0	0	0	0	1	0	0	0	0	0	0	0	1	0	0	0	1
57	0	0	1	0	0	1	1	1	0	0	1	0	1	1	1	1	0	1	0	0	0	0	1	0	0	0	0	1	0	1	1	1	1	0	1	1	1	1	1	0
58	1	1	1	1	1	0	1	1	1	1	1	1	1	1	1	1	1	0	1	1	1	0	1	1	1	1	1	1	0	1	1	1	1	1	1	0	1	1	1	1
59	0	1	1	1	1	0	1	1	0	1	1	1	1	0	0	0	0	1	1	1	1	1	1	1	1	1	0	1	1	1	1	0	1	1	1	1	1	0	1	0
60	0	0	1	0	1	1	0	1	0	0	1	0	1	1	0	0	1	0	1	0	1	1	1	1	0	0	1	0	0	1	0	1	1	0	1	1	0	1	0	1
61	1	1	1	1	1	1	1	1	0	1	0	1	1	1	1	1	1	0	1	1	1	1	1	0	1	1	1	1	1	1	1	1	1	1	1	1	1	0	1	1
62	1	1	0	1	0	1	1	1	1	1	0	1	1	1	0	1	1	1	1	1	1	1	1	1	1	1	1	1	0	1	0	1	0	0	1	1	0	1	1	1
63	0	1	1	0	0	0	0	0	1	0	0	1	0	0	1	1	0	0	1	1	0	1	1	0	0	1	0	0	1	1	0	0	0	0	0	0	0	0	0	0
64	0	0	1	0	0	0	0	0	1	1	0	0	0	0	1	1	0	0	0	0	0	1	1	0	0	0	1	0	0	1	0	0	1	0	0	0	0	0	1	0
65	0	0	0	1	0	0	0	0	1	0	0	0	0	0	0	0	0	0	0	0	0	0	0	1	0	0	0	1	0	0	0	0	0	0	0	0	0	0	1	0
66	1	1	1	1	1	1	1	1	1	1	1	1	1	1	1	1	1	1	1	1	1	1	1	0	1	1	1	0	1	0	1	1	1	0	1	1	1	0	1	1
67	1	1	0	1	1	1	1	1	1	1	0	0	0	0	0	0	0	1	1	0	1	1	0	0	1	1	1	0	1	0	1	1	1	1	0	0	0	0	0	1
68	1	0	1	1	1	1	1	1	1	1	1	1	1	1	1	1	1	1	1	1	1	1	1	1	1	1	1	1	1	1	1	1	1	1	1	1	1	1	1	1
69	0	0	0	1	0	0	1	1	0	1	0	0	0	0	1	1	1	0	1	0	0	0	0	1	0	0	0	1	0	0	1	1	1	0	1	0	0	0	0	0
70	1	0	0	0	1	1	0	0	1	0	1	0	1	0	0	1	0	0	1	0	1	1	1	1	1	1	1	1	1	0	0	0	0	1	1	0	0	0	0	0
71	0	0	0	0	0	0	0	0	0	0	0	0	0	0	1	0	0	1	0	1	0	0	0	0	1	0	0	0	0	0	0	0	1	0	0	0	0	0	0	0
72	1	1	0	1	1	0	1	0	1	0	1	0	0	0	1	0	0	1	0	0	0	1	0	1	1	1	0	1	0	0	0	1	0	0	0	1	1	0	0	0
73	1	0	0	1	1	0	0	1	1	0	1	1	1	1	1	1	1	1	1	1	1	1	1	1	1	1	1	1	1	1	1	1	1	1	1	1	1	1	1	1
74	1	1	1	0	1	1	1	1	1	1	1	1	1	1	1	0	0	1	1	1	1	0	1	1	1	1	1	1	1	1	1	1	1	1	1	1	1	1	1	1
75	0	1	1	0	0	1	1	1	1	1	1	1	1	0	0	0	0	1	1	0	0	0	1	1	1	1	0	1	1	0	0	1	1	1	1	1	0	1	1	1
76	1	0	1	0	1	0	0	0	0	0	1	1	0	0	1	1	0	0	0	0	0	0	1	0	0	1	0	0	1	0	1	0	0	1	1	0	1	0	0	0
77	0	0	1	1	0	1	0	1	0	1	1	1	0	0	1	1	0	0	0	1	1	0	0	1	1	1	1	1	0	1	0	0	0	0	1	1	0	0	1	0
78	0	1	0	1	0	0	0	0	0	1	1	0	1	0	0	1	1	0	1	0	0	1	0	0	0	0	1	0	0	0	0	0	0	0	1	0	0	0	1	1
79	1	0	0	0	1	0	0	0	1	0	0	0	0	0	0	1	1	0	0	1	0	1	0	1	0	1	0	1	1	0	1	1	0	1	1	1	0	1	1	0
80	0	1	0	0	1	0	1	1	0	1	0	0	1	1	0	1	0	0	1	1	0	0	1	1	0	0	1	0	0	0	1	1	1	0	1	0	0	0	1	0
