23.6
30
1	0.82	6.21
2	0.44	0.39
3	0.52	5.27
4	0.53	3.46
5	0.51	7.72
6	0.99	9.42
7	0.6	7.58
8	0.42	8.7
9	0.86	8.48
10	0.37	3.73
11	0.42	2.49
12	0.87	7.66
13	0.92	10
14	0.21	5.28
15	0.14	0.41
16	0.9	7.54
17	0.35	7.66
18	0.87	1.57
19	0.29	4.42
20	0.31	1.93
21	0.87	4.26
22	0.39	7.6
23	0.72	1.09
24	0.53	9.47
25	0.72	5.89
26	0.12	1.21
27	0.47	3.1
28	0.36	1.83
29	0.96	7.43
30	0.45	5.33
60
1	1	0	0	0	0	0	0	0	0	0	0	0	0	0	0	0	0	0	0	0	0	0	0	0	0	0	0	0	0	0
2	0	1	0	0	0	0	0	0	0	0	0	0	0	0	0	0	0	0	0	0	0	0	0	0	0	0	0	0	0	0
3	0	0	1	0	0	0	0	0	0	0	0	0	0	0	0	0	0	0	0	0	0	0	0	0	0	0	0	0	0	0
4	0	0	0	1	0	0	0	0	0	0	0	0	0	0	0	0	0	0	0	0	0	0	0	0	0	0	0	0	0	0
5	0	0	0	0	1	0	0	0	0	0	0	0	0	0	0	0	0	0	0	0	0	0	0	0	0	0	0	0	0	0
6	0	0	0	0	0	1	0	0	0	0	0	0	0	0	0	0	0	0	0	0	0	0	0	0	0	0	0	0	0	0
7	0	0	0	0	0	0	1	0	0	0	0	0	0	0	0	0	0	0	0	0	0	0	0	0	0	0	0	0	0	0
8	0	0	0	0	0	0	0	1	0	0	0	0	0	0	0	0	0	0	0	0	0	0	0	0	0	0	0	0	0	0
9	0	0	0	0	0	0	0	0	1	0	0	0	0	0	0	0	0	0	0	0	0	0	0	0	0	0	0	0	0	0
10	0	0	0	0	0	0	0	0	0	1	0	0	0	0	0	0	0	0	0	0	0	0	0	0	0	0	0	0	0	0
11	0	0	0	0	0	0	0	0	0	0	1	0	0	0	0	0	0	0	0	0	0	0	0	0	0	0	0	0	0	0
12	0	0	0	0	0	0	0	0	0	0	0	1	0	0	0	0	0	0	0	0	0	0	0	0	0	0	0	0	0	0
13	0	0	0	0	0	0	0	0	0	0	0	0	1	0	0	0	0	0	0	0	0	0	0	0	0	0	0	0	0	0
14	0	0	0	0	0	0	0	0	0	0	0	0	0	1	0	0	0	0	0	0	0	0	0	0	0	0	0	0	0	0
15	0	0	0	0	0	0	0	0	0	0	0	0	0	0	1	0	0	0	0	0	0	0	0	0	0	0	0	0	0	0
16	0	0	0	0	0	0	0	0	0	0	0	0	0	0	0	1	0	0	0	0	0	0	0	0	0	0	0	0	0	0
17	0	0	0	0	0	0	0	0	0	0	0	0	0	0	0	0	1	0	0	0	0	0	0	0	0	0	0	0	0	0
18	0	0	0	0	0	0	0	0	0	0	0	0	0	0	0	0	0	1	0	0	0	0	0	0	0	0	0	0	0	0
19	0	0	0	0	0	0	0	0	0	0	0	0	0	0	0	0	0	0	1	0	0	0	0	0	0	0	0	0	0	0
20	0	0	0	0	0	0	0	0	0	0	0	0	0	0	0	0	0	0	0	1	0	0	0	0	0	0	0	0	0	0
21	0	0	0	0	0	0	0	0	0	0	0	0	0	0	0	0	0	0	0	0	1	0	0	0	0	0	0	0	0	0
22	0	0	0	0	0	0	0	0	0	0	0	0	0	0	0	0	0	0	0	0	0	1	0	0	0	0	0	0	0	0
23	0	0	0	0	0	0	0	0	0	0	0	0	0	0	0	0	0	0	0	0	0	0	1	0	0	0	0	0	0	0
24	0	0	0	0	0	0	0	0	0	0	0	0	0	0	0	0	0	0	0	0	0	0	0	1	0	0	0	0	0	0
25	0	0	0	0	0	0	0	0	0	0	0	0	0	0	0	0	0	0	0	0	0	0	0	0	1	0	0	0	0	0
26	0	0	0	0	0	0	0	0	0	0	0	0	0	0	0	0	0	0	0	0	0	0	0	0	0	1	0	0	0	0
27	0	0	0	0	0	0	0	0	0	0	0	0	0	0	0	0	0	0	0	0	0	0	0	0	0	0	1	0	0	0
28	0	0	0	0	0	0	0	0	0	0	0	0	0	0	0	0	0	0	0	0	0	0	0	0	0	0	0	1	0	0
29	0	0	0	0	0	0	0	0	0	0	0	0	0	0	0	0	0	0	0	0	0	0	0	0	0	0	0	0	1	0
30	0	0	0	0	0	0	0	0	0	0	0	0	0	0	0	0	0	0	0	0	0	0	0	0	0	0	0	0	0	1
31	1	1	1	1	1	1	0	1	1	1	0	1	1	1	1	1	1	1	1	1	0	1	1	1	1	1	1	1	0	0
32	1	1	1	1	1	1	1	1	1	0	0	0	1	0	0	1	1	1	0	1	1	1	1	0	1	1	1	1	1	0
33	1	0	1	1	0	1	1	0	0	0	0	1	1	1	0	0	0	0	0	0	1	1	0	1	0	0	1	0	1	0
34	0	1	1	1	1	0	1	0	1	1	0	1	0	0	1	0	1	1	1	1	1	0	1	1	1	1	0	1	0	1
35	1	1	1	0	1	1	1	1	1	1	1	1	1	1	0	1	0	1	1	0	1	1	1	1	1	1	0	0	1	1
36	1	0	1	1	1	1	1	1	1	1	1	0	1	0	1	1	1	1	1	1	1	1	1	1	1	1	0	1	1	0
37	1	1	1	1	1	1	1	1	1	0	1	1	1	1	1	1	1	1	1	1	0	0	1	1	1	1	0	1	0	1
38	1	1	1	1	1	1	1	1	1	1	0	1	1	0	0	1	1	1	1	1	0	1	1	1	0	1	1	0	1	1
39	1	1	1	1	1	1	1	1	1	1	1	1	1	1	1	1	1	1	1	1	1	1	1	1	1	1	1	1	1	1
40	1	1	1	1	1	1	0	1	1	1	1	1	1	1	0	1	1	1	1	1	0	1	1	1	1	1	1	1	0	0
41	1	1	1	1	1	1	1	1	1	1	1	1	1	1	1	1	1	1	0	1	1	1	1	1	1	1	1	0	1	1
42	0	1	0	0	1	0	1	1	0	0	1	0	0	0	0	0	0	0	0	1	0	1	0	1	0	0	0	1	0	0
43	1	0	0	1	1	1	1	0	0	0	0	1	0	1	0	1	1	1	1	1	0	1	0	0	1	0	1	0	1	1
44	1	0	1	1	1	1	0	0	0	1	1	1	0	1	1	1	1	1	0	1	1	0	0	1	1	0	1	0	1	1
45	0	0	1	0	0	0	1	0	0	0	0	0	0	0	0	0	0	0	0	0	0	0	0	0	0	0	1	0	0	0
46	1	1	0	0	1	1	1	1	1	1	1	1	1	1	1	1	1	0	0	1	1	1	1	1	1	1	0	1	1	0
47	0	1	0	0	1	1	1	1	0	1	1	1	0	1	0	0	0	0	1	0	0	0	1	0	0	1	0	0	1	1
48	1	1	0	0	0	0	0	0	0	1	0	0	0	0	0	0	0	0	0	1	0	0	1	1	0	0	1	0	0	0
49	0	0	0	0	0	0	0	0	0	0	0	0	1	0	0	1	0	0	0	0	0	0	0	0	0	1	0	0	0	0
50	1	1	1	1	1	1	1	1	1	1	1	1	1	1	1	1	0	1	1	1	1	1	1	1	1	1	0	0	1	1
51	0	1	0	0	0	0	1	0	0	0	1	0	0	0	1	0	1	0	1	0	1	0	0	0	1	1	1	0	1	0
52	0	0	0	1	1	0	1	0	1	1	0	0	0	0	1	1	0	1	0	1	0	0	1	1	1	1	0	0	0	0
53	0	0	0	1	0	1	0	0	0	0	0	0	1	0	1	0	1	0	1	1	1	1	0	0	1	0	0	0	1	0
54	0	0	0	0	0	0	1	0	0	0	0	0	0	0	0	0	0	0	0	0	0	0	0	0	0	0	0	0	0	1
55	1	1	1	1	0	1	1	1	0	1	1	0	1	1	1	1	1	0	1	0	0	0	1	1	0	1	1	1	0	0
56	0	1	0	0	1	1	1	1	1	0	1	0	0	1	0	1	0	1	1	1	1	1	0	0	0	1	0	1	0	1
57	0	0	0	0	0	0	0	0	0	0	0	0	0	0	0	0	1	0	0	0	0	1	0	0	0	0	0	0	0	0
58	1	0	0	1	1	1	1	0	1	1	1	1	1	1	0	0	0	1	0	1	0	0	0	0	0	1	1	1	0	1
59	0	0	0	1	0	0	0	0	0	1	0	0	0	0	0	0	0	0	0	1	0	1	0	0	1	0	0	1	0	0
60	0	0	0	1	0	0	0	0	0	0	0	0	0	0	0	0	1	0	0	0	0	0	0	0	0	0	0	1	0	0
