40.8
30
1	0.79	6.15
2	0.35	5.25
3	0.76	3.56
4	0.49	5.53
5	0.74	0.31
6	0.65	8.24
7	0.58	7.9
8	0.44	3.14
9	0.79	8
10	0.98	4.28
11	0.41	9.09
12	0.7	3.8
13	0.21	4.72
14	0.11	9.11
15	0.32	2.66
16	0.62	3.85
17	0.51	7.69
18	0.33	6.61
19	0.35	4.97
20	0.63	3.1
21	0.42	0.57
22	0.86	1.09
23	0.93	6.33
24	0.68	5.64
25	0.88	6.75
26	0.4	3.55
27	0.82	5.36
28	0.02	4.72
29	0.77	5.24
30	0.14	9.64
60
1	1	0	0	0	0	0	0	0	0	0	0	0	0	0	0	0	0	0	0	0	0	0	0	0	0	0	0	0	0	0
2	0	1	0	0	0	0	0	0	0	0	0	0	0	0	0	0	0	0	0	0	0	0	0	0	0	0	0	0	0	0
3	0	0	1	0	0	0	0	0	0	0	0	0	0	0	0	0	0	0	0	0	0	0	0	0	0	0	0	0	0	0
4	0	0	0	1	0	0	0	0	0	0	0	0	0	0	0	0	0	0	0	0	0	0	0	0	0	0	0	0	0	0
5	0	0	0	0	1	0	0	0	0	0	0	0	0	0	0	0	0	0	0	0	0	0	0	0	0	0	0	0	0	0
6	0	0	0	0	0	1	0	0	0	0	0	0	0	0	0	0	0	0	0	0	0	0	0	0	0	0	0	0	0	0
7	0	0	0	0	0	0	1	0	0	0	0	0	0	0	0	0	0	0	0	0	0	0	0	0	0	0	0	0	0	0
8	0	0	0	0	0	0	0	1	0	0	0	0	0	0	0	0	0	0	0	0	0	0	0	0	0	0	0	0	0	0
9	0	0	0	0	0	0	0	0	1	0	0	0	0	0	0	0	0	0	0	0	0	0	0	0	0	0	0	0	0	0
10	0	0	0	0	0	0	0	0	0	1	0	0	0	0	0	0	0	0	0	0	0	0	0	0	0	0	0	0	0	0
11	0	0	0	0	0	0	0	0	0	0	1	0	0	0	0	0	0	0	0	0	0	0	0	0	0	0	0	0	0	0
12	0	0	0	0	0	0	0	0	0	0	0	1	0	0	0	0	0	0	0	0	0	0	0	0	0	0	0	0	0	0
13	0	0	0	0	0	0	0	0	0	0	0	0	1	0	0	0	0	0	0	0	0	0	0	0	0	0	0	0	0	0
14	0	0	0	0	0	0	0	0	0	0	0	0	0	1	0	0	0	0	0	0	0	0	0	0	0	0	0	0	0	0
15	0	0	0	0	0	0	0	0	0	0	0	0	0	0	1	0	0	0	0	0	0	0	0	0	0	0	0	0	0	0
16	0	0	0	0	0	0	0	0	0	0	0	0	0	0	0	1	0	0	0	0	0	0	0	0	0	0	0	0	0	0
17	0	0	0	0	0	0	0	0	0	0	0	0	0	0	0	0	1	0	0	0	0	0	0	0	0	0	0	0	0	0
18	0	0	0	0	0	0	0	0	0	0	0	0	0	0	0	0	0	1	0	0	0	0	0	0	0	0	0	0	0	0
19	0	0	0	0	0	0	0	0	0	0	0	0	0	0	0	0	0	0	1	0	0	0	0	0	0	0	0	0	0	0
20	0	0	0	0	0	0	0	0	0	0	0	0	0	0	0	0	0	0	0	1	0	0	0	0	0	0	0	0	0	0
21	0	0	0	0	0	0	0	0	0	0	0	0	0	0	0	0	0	0	0	0	1	0	0	0	0	0	0	0	0	0
22	0	0	0	0	0	0	0	0	0	0	0	0	0	0	0	0	0	0	0	0	0	1	0	0	0	0	0	0	0	0
23	0	0	0	0	0	0	0	0	0	0	0	0	0	0	0	0	0	0	0	0	0	0	1	0	0	0	0	0	0	0
24	0	0	0	0	0	0	0	0	0	0	0	0	0	0	0	0	0	0	0	0	0	0	0	1	0	0	0	0	0	0
25	0	0	0	0	0	0	0	0	0	0	0	0	0	0	0	0	0	0	0	0	0	0	0	0	1	0	0	0	0	0
26	0	0	0	0	0	0	0	0	0	0	0	0	0	0	0	0	0	0	0	0	0	0	0	0	0	1	0	0	0	0
27	0	0	0	0	0	0	0	0	0	0	0	0	0	0	0	0	0	0	0	0	0	0	0	0	0	0	1	0	0	0
28	0	0	0	0	0	0	0	0	0	0	0	0	0	0	0	0	0	0	0	0	0	0	0	0	0	0	0	1	0	0
29	0	0	0	0	0	0	0	0	0	0	0	0	0	0	0	0	0	0	0	0	0	0	0	0	0	0	0	0	1	0
30	0	0	0	0	0	0	0	0	0	0	0	0	0	0	0	0	0	0	0	0	0	0	0	0	0	0	0	0	0	1
31	0	0	0	1	0	0	0	0	0	0	1	1	0	0	0	0	0	0	0	0	0	0	0	0	0	0	0	0	0	0
32	1	1	0	0	1	0	1	1	1	1	0	1	1	0	1	0	0	0	0	0	0	1	0	1	0	0	0	0	1	1
33	1	0	1	0	1	1	0	1	1	1	1	1	1	1	0	1	1	1	1	1	1	0	1	0	1	1	1	0	1	1
34	1	0	1	0	0	0	0	0	1	0	1	0	0	1	0	1	1	1	0	0	1	0	0	0	1	0	0	0	0	0
35	1	1	1	0	1	1	1	1	1	1	1	0	0	1	1	1	1	1	1	1	1	1	1	0	1	1	1	1	1	1
36	0	0	1	1	1	0	1	0	1	1	0	1	1	1	1	0	1	0	0	0	1	0	0	0	1	0	1	1	0	1
37	0	0	0	0	0	1	0	0	0	0	0	0	0	0	0	0	0	0	0	0	1	0	0	0	0	0	0	0	1	0
38	0	1	1	0	0	0	1	1	0	0	0	0	1	0	0	0	0	0	1	1	1	1	0	1	1	1	1	0	0	1
39	0	1	1	0	1	0	0	0	1	1	0	0	0	1	0	0	1	0	0	0	0	1	1	0	0	0	1	1	1	1
40	1	1	0	0	1	1	1	0	1	1	1	1	1	1	1	1	1	1	1	1	1	0	1	1	1	1	1	1	1	1
41	0	1	0	0	1	0	0	0	1	1	0	0	1	1	1	0	1	1	0	1	1	0	0	0	1	0	1	0	0	1
42	1	1	1	0	0	0	0	0	0	0	0	0	0	1	1	1	1	1	1	1	0	0	0	1	1	1	1	1	0	0
43	1	1	0	1	1	1	0	1	1	1	1	1	1	0	1	0	1	1	1	1	1	0	1	0	1	0	0	0	1	1
44	0	0	0	1	1	0	0	1	0	0	1	0	0	0	1	0	0	0	0	0	0	0	0	0	0	0	0	0	0	0
45	0	0	1	0	0	0	0	0	1	0	0	0	0	0	0	0	0	1	0	1	1	0	0	1	0	0	1	1	0	1
46	1	1	1	0	1	0	1	1	1	0	1	0	1	0	0	1	0	0	0	1	0	1	1	0	0	1	1	1	0	0
47	0	0	1	0	1	1	0	1	0	1	1	0	0	1	1	1	0	0	0	1	0	1	0	0	0	1	0	1	0	0
48	0	0	0	0	0	0	1	0	0	0	0	0	0	0	0	0	1	0	0	0	0	0	0	0	0	0	0	1	0	1
49	1	1	1	1	1	1	0	1	1	0	0	1	1	0	0	1	1	1	0	1	1	0	1	1	0	1	1	0	1	1
50	0	1	0	0	0	0	0	0	0	0	0	1	1	0	0	0	0	0	0	0	0	0	0	0	0	0	0	0	0	0
51	1	1	1	1	1	1	1	1	1	1	1	1	1	1	1	1	1	1	1	1	1	1	1	1	1	1	1	1	1	1
52	1	0	0	1	1	1	1	1	1	0	1	0	1	0	1	1	1	0	1	1	1	1	0	1	1	1	1	1	1	1
53	1	0	1	0	1	0	0	1	1	1	1	1	1	1	1	1	1	1	1	0	1	0	1	1	1	1	1	1	1	0
54	0	0	0	0	0	0	1	0	0	0	0	0	0	1	0	0	1	0	0	1	0	1	0	0	0	0	0	1	0	0
55	1	1	1	0	0	1	1	1	1	1	1	1	1	1	1	1	1	1	0	1	1	1	1	1	1	1	1	1	1	1
56	1	0	1	0	1	1	1	0	0	0	1	0	0	1	0	0	1	0	0	1	0	0	0	1	0	1	1	0	1	1
57	1	1	1	0	0	0	1	1	0	1	0	0	1	1	0	0	0	0	1	1	1	0	1	0	0	1	0	0	0	0
58	1	1	0	0	0	0	0	1	0	0	0	1	0	0	0	0	1	0	1	0	0	0	1	0	0	0	0	0	0	0
59	1	0	1	0	1	0	0	1	1	0	1	1	1	1	1	1	1	0	1	1	0	1	0	1	0	1	1	1	1	1
60	1	1	0	1	1	1	1	1	0	0	1	1	0	1	0	1	1	0	1	0	1	1	0	0	0	1	1	0	1	0
