23.9
40
1	0.17	2.06
2	0.23	4.01
3	0.94	8.72
4	0.85	5.23
5	0.77	8.67
6	0.09	0.13
7	0.48	9.4
8	0.88	3.53
9	0.09	4.81
10	0.43	2.8
11	0.89	3.85
12	0.39	9.54
13	0.24	9.34
14	0.55	6.64
15	0.51	9.36
16	0.39	9.67
17	0.19	3.32
18	0.87	8.24
19	0.72	9.56
20	0.18	8.95
21	0.77	7.29
22	0.51	0.32
23	0.73	0.46
24	0.93	9.13
25	0.14	5.83
26	0.13	8.36
27	0.67	8.01
28	0.97	5.47
29	0.55	5.32
30	0.26	5.93
31	0.05	5.35
32	0.03	7.5
33	0.6	8.83
34	0.93	0.99
35	0.69	2.98
36	0.24	6.95
37	0.72	0.41
38	0.72	8.49
39	0.97	4.92
40	0.26	7.44
80
1	1	0	0	0	0	0	0	0	0	0	0	0	0	0	0	0	0	0	0	0	0	0	0	0	0	0	0	0	0	0	0	0	0	0	0	0	0	0	0	0
2	0	1	0	0	0	0	0	0	0	0	0	0	0	0	0	0	0	0	0	0	0	0	0	0	0	0	0	0	0	0	0	0	0	0	0	0	0	0	0	0
3	0	0	1	0	0	0	0	0	0	0	0	0	0	0	0	0	0	0	0	0	0	0	0	0	0	0	0	0	0	0	0	0	0	0	0	0	0	0	0	0
4	0	0	0	1	0	0	0	0	0	0	0	0	0	0	0	0	0	0	0	0	0	0	0	0	0	0	0	0	0	0	0	0	0	0	0	0	0	0	0	0
5	0	0	0	0	1	0	0	0	0	0	0	0	0	0	0	0	0	0	0	0	0	0	0	0	0	0	0	0	0	0	0	0	0	0	0	0	0	0	0	0
6	0	0	0	0	0	1	0	0	0	0	0	0	0	0	0	0	0	0	0	0	0	0	0	0	0	0	0	0	0	0	0	0	0	0	0	0	0	0	0	0
7	0	0	0	0	0	0	1	0	0	0	0	0	0	0	0	0	0	0	0	0	0	0	0	0	0	0	0	0	0	0	0	0	0	0	0	0	0	0	0	0
8	0	0	0	0	0	0	0	1	0	0	0	0	0	0	0	0	0	0	0	0	0	0	0	0	0	0	0	0	0	0	0	0	0	0	0	0	0	0	0	0
9	0	0	0	0	0	0	0	0	1	0	0	0	0	0	0	0	0	0	0	0	0	0	0	0	0	0	0	0	0	0	0	0	0	0	0	0	0	0	0	0
10	0	0	0	0	0	0	0	0	0	1	0	0	0	0	0	0	0	0	0	0	0	0	0	0	0	0	0	0	0	0	0	0	0	0	0	0	0	0	0	0
11	0	0	0	0	0	0	0	0	0	0	1	0	0	0	0	0	0	0	0	0	0	0	0	0	0	0	0	0	0	0	0	0	0	0	0	0	0	0	0	0
12	0	0	0	0	0	0	0	0	0	0	0	1	0	0	0	0	0	0	0	0	0	0	0	0	0	0	0	0	0	0	0	0	0	0	0	0	0	0	0	0
13	0	0	0	0	0	0	0	0	0	0	0	0	1	0	0	0	0	0	0	0	0	0	0	0	0	0	0	0	0	0	0	0	0	0	0	0	0	0	0	0
14	0	0	0	0	0	0	0	0	0	0	0	0	0	1	0	0	0	0	0	0	0	0	0	0	0	0	0	0	0	0	0	0	0	0	0	0	0	0	0	0
15	0	0	0	0	0	0	0	0	0	0	0	0	0	0	1	0	0	0	0	0	0	0	0	0	0	0	0	0	0	0	0	0	0	0	0	0	0	0	0	0
16	0	0	0	0	0	0	0	0	0	0	0	0	0	0	0	1	0	0	0	0	0	0	0	0	0	0	0	0	0	0	0	0	0	0	0	0	0	0	0	0
17	0	0	0	0	0	0	0	0	0	0	0	0	0	0	0	0	1	0	0	0	0	0	0	0	0	0	0	0	0	0	0	0	0	0	0	0	0	0	0	0
18	0	0	0	0	0	0	0	0	0	0	0	0	0	0	0	0	0	1	0	0	0	0	0	0	0	0	0	0	0	0	0	0	0	0	0	0	0	0	0	0
19	0	0	0	0	0	0	0	0	0	0	0	0	0	0	0	0	0	0	1	0	0	0	0	0	0	0	0	0	0	0	0	0	0	0	0	0	0	0	0	0
20	0	0	0	0	0	0	0	0	0	0	0	0	0	0	0	0	0	0	0	1	0	0	0	0	0	0	0	0	0	0	0	0	0	0	0	0	0	0	0	0
21	0	0	0	0	0	0	0	0	0	0	0	0	0	0	0	0	0	0	0	0	1	0	0	0	0	0	0	0	0	0	0	0	0	0	0	0	0	0	0	0
22	0	0	0	0	0	0	0	0	0	0	0	0	0	0	0	0	0	0	0	0	0	1	0	0	0	0	0	0	0	0	0	0	0	0	0	0	0	0	0	0
23	0	0	0	0	0	0	0	0	0	0	0	0	0	0	0	0	0	0	0	0	0	0	1	0	0	0	0	0	0	0	0	0	0	0	0	0	0	0	0	0
24	0	0	0	0	0	0	0	0	0	0	0	0	0	0	0	0	0	0	0	0	0	0	0	1	0	0	0	0	0	0	0	0	0	0	0	0	0	0	0	0
25	0	0	0	0	0	0	0	0	0	0	0	0	0	0	0	0	0	0	0	0	0	0	0	0	1	0	0	0	0	0	0	0	0	0	0	0	0	0	0	0
26	0	0	0	0	0	0	0	0	0	0	0	0	0	0	0	0	0	0	0	0	0	0	0	0	0	1	0	0	0	0	0	0	0	0	0	0	0	0	0	0
27	0	0	0	0	0	0	0	0	0	0	0	0	0	0	0	0	0	0	0	0	0	0	0	0	0	0	1	0	0	0	0	0	0	0	0	0	0	0	0	0
28	0	0	0	0	0	0	0	0	0	0	0	0	0	0	0	0	0	0	0	0	0	0	0	0	0	0	0	1	0	0	0	0	0	0	0	0	0	0	0	0
29	0	0	0	0	0	0	0	0	0	0	0	0	0	0	0	0	0	0	0	0	0	0	0	0	0	0	0	0	1	0	0	0	0	0	0	0	0	0	0	0
30	0	0	0	0	0	0	0	0	0	0	0	0	0	0	0	0	0	0	0	0	0	0	0	0	0	0	0	0	0	1	0	0	0	0	0	0	0	0	0	0
31	0	0	0	0	0	0	0	0	0	0	0	0	0	0	0	0	0	0	0	0	0	0	0	0	0	0	0	0	0	0	1	0	0	0	0	0	0	0	0	0
32	0	0	0	0	0	0	0	0	0	0	0	0	0	0	0	0	0	0	0	0	0	0	0	0	0	0	0	0	0	0	0	1	0	0	0	0	0	0	0	0
33	0	0	0	0	0	0	0	0	0	0	0	0	0	0	0	0	0	0	0	0	0	0	0	0	0	0	0	0	0	0	0	0	1	0	0	0	0	0	0	0
34	0	0	0	0	0	0	0	0	0	0	0	0	0	0	0	0	0	0	0	0	0	0	0	0	0	0	0	0	0	0	0	0	0	1	0	0	0	0	0	0
35	0	0	0	0	0	0	0	0	0	0	0	0	0	0	0	0	0	0	0	0	0	0	0	0	0	0	0	0	0	0	0	0	0	0	1	0	0	0	0	0
36	0	0	0	0	0	0	0	0	0	0	0	0	0	0	0	0	0	0	0	0	0	0	0	0	0	0	0	0	0	0	0	0	0	0	0	1	0	0	0	0
37	0	0	0	0	0	0	0	0	0	0	0	0	0	0	0	0	0	0	0	0	0	0	0	0	0	0	0	0	0	0	0	0	0	0	0	0	1	0	0	0
38	0	0	0	0	0	0	0	0	0	0	0	0	0	0	0	0	0	0	0	0	0	0	0	0	0	0	0	0	0	0	0	0	0	0	0	0	0	1	0	0
39	0	0	0	0	0	0	0	0	0	0	0	0	0	0	0	0	0	0	0	0	0	0	0	0	0	0	0	0	0	0	0	0	0	0	0	0	0	0	1	0
40	0	0	0	0	0	0	0	0	0	0	0	0	0	0	0	0	0	0	0	0	0	0	0	0	0	0	0	0	0	0	0	0	0	0	0	0	0	0	0	1
41	0	1	0	0	1	0	1	0	1	0	1	0	1	0	1	0	0	0	1	1	1	1	1	0	0	1	1	0	0	1	0	0	1	0	1	0	0	1	1	1
42	1	0	0	1	1	1	0	0	1	0	0	0	1	0	1	1	0	0	0	0	1	0	0	1	1	0	1	1	1	1	1	1	1	0	1	1	1	1	1	0
43	1	1	1	0	0	1	1	0	0	0	1	1	0	0	1	1	0	0	0	1	1	0	0	1	1	1	0	0	0	1	1	1	1	0	1	1	1	0	1	1
44	1	0	1	0	0	1	1	1	1	1	1	0	1	0	0	1	0	1	0	0	1	1	1	1	0	1	1	1	1	1	1	1	0	1	1	1	1	0	1	0
45	0	0	0	1	0	1	0	0	1	0	0	0	1	1	1	1	1	0	1	0	0	1	0	1	1	0	0	0	1	1	1	1	1	0	1	1	1	1	1	0
46	1	0	0	0	0	0	1	1	0	0	0	1	1	0	1	0	0	0	0	1	0	0	0	0	1	1	0	0	1	0	0	0	0	1	1	1	0	0	0	0
47	1	0	1	0	1	1	0	1	1	0	1	1	0	1	1	0	0	1	1	1	1	1	1	0	0	1	0	0	1	0	0	1	1	1	1	1	1	1	1	1
48	1	0	0	0	1	1	1	0	1	0	0	1	0	1	1	0	0	0	0	1	0	1	1	1	1	0	0	1	1	0	1	1	1	1	0	0	0	1	1	0
49	1	0	1	0	1	0	0	1	0	0	1	1	1	1	1	0	1	1	1	1	0	1	1	1	0	1	0	0	1	0	0	1	0	1	1	1	0	1	0	0
50	0	0	0	0	1	1	0	1	0	1	0	1	0	0	1	0	0	1	0	1	1	0	1	0	0	0	1	0	0	1	0	1	0	0	1	0	0	1	0	1
51	1	1	1	1	1	1	1	1	1	1	1	0	0	1	1	1	1	1	1	0	1	1	1	1	0	1	1	1	1	1	0	1	1	0	1	1	1	1	1	1
52	0	0	1	0	0	0	1	0	0	1	0	0	1	1	1	0	1	0	0	1	1	0	1	0	1	1	0	1	0	1	0	0	0	0	0	1	1	0	1	0
53	0	1	1	1	1	1	0	1	1	1	0	1	1	0	1	1	1	1	1	1	1	1	1	1	1	1	1	1	1	0	1	1	1	1	1	1	1	1	0	1
54	0	1	1	1	1	1	1	1	1	1	1	1	1	0	1	1	1	0	1	1	1	1	1	1	1	1	1	1	1	1	1	1	1	1	1	1	1	1	1	1
55	0	1	0	0	0	0	1	0	0	1	0	0	0	0	0	1	0	1	1	1	1	0	0	0	1	0	1	1	0	0	0	0	1	0	1	0	1	0	0	1
56	1	1	1	1	1	0	1	1	1	0	1	1	1	1	1	1	1	1	1	1	1	0	1	1	1	0	1	1	1	1	1	1	1	1	0	1	1	1	0	1
57	0	0	1	0	0	1	0	0	1	0	1	0	0	1	0	0	0	0	0	0	0	0	0	0	0	0	1	1	1	0	1	0	0	1	0	0	0	1	1	0
58	1	1	1	1	1	0	1	1	0	1	0	0	0	0	0	0	1	1	0	1	1	1	0	1	0	0	1	1	1	1	1	1	0	1	0	0	0	1	1	1
59	1	1	1	1	1	1	1	1	1	1	1	1	1	0	1	1	1	1	0	1	1	1	1	1	1	1	1	1	1	1	1	1	1	1	1	1	1	1	1	1
60	0	0	1	0	1	1	1	1	1	1	1	1	0	1	1	1	1	0	0	1	1	0	0	0	0	0	1	1	1	1	1	0	0	1	1	0	1	1	0	1
61	1	0	0	1	1	0	1	1	0	0	0	1	1	1	0	1	1	1	1	1	1	1	1	1	1	0	1	0	1	1	1	1	1	0	0	1	0	0	0	1
62	1	1	0	0	0	0	1	1	1	1	0	1	1	1	0	0	0	0	0	1	1	0	1	1	0	0	1	0	1	1	1	1	0	0	0	0	1	1	0	0
63	0	0	1	1	0	0	0	1	1	0	0	0	1	1	0	1	1	0	1	0	0	1	0	1	1	1	0	1	1	1	0	1	1	0	0	0	1	0	1	0
64	1	1	1	1	1	0	0	1	0	1	0	1	1	1	0	1	0	1	1	0	1	0	0	0	0	1	0	0	1	0	0	1	0	0	0	1	1	0	1	0
65	0	0	0	0	1	0	1	1	0	1	1	0	1	1	1	0	0	0	0	0	1	1	1	1	0	0	1	1	1	0	1	1	0	1	1	0	0	1	1	0
66	1	1	1	0	0	1	1	1	1	1	1	0	1	1	1	1	0	1	0	0	1	1	0	1	1	0	1	1	0	1	1	1	0	1	0	1	0	1	0	0
67	1	0	0	1	1	0	0	0	0	0	0	0	0	0	0	0	0	1	0	0	0	1	0	0	0	1	0	1	0	0	0	0	0	0	0	1	0	0	0	0
68	0	0	0	0	1	0	0	0	0	0	0	0	0	0	1	0	0	0	0	0	0	0	0	0	0	0	0	0	0	0	0	0	0	1	0	0	0	0	0	0
69	0	0	0	0	0	0	0	0	0	0	0	0	0	0	0	0	0	0	0	0	0	0	0	0	0	0	0	0	0	0	0	0	1	0	0	0	0	1	0	0
70	1	1	0	1	1	1	1	1	1	0	0	1	1	0	1	0	1	1	1	0	1	1	1	1	1	1	0	0	1	1	1	0	0	0	1	1	0	1	1	1
71	0	1	0	1	1	1	0	0	0	0	0	1	0	1	0	0	0	0	0	0	1	0	0	1	0	0	0	0	1	1	0	0	1	0	1	0	0	0	0	1
72	0	1	1	0	0	0	1	0	1	0	0	1	0	0	1	1	1	0	1	0	0	1	0	1	1	0	1	0	1	1	0	0	0	0	0	1	0	0	0	0
73	1	1	1	1	1	1	1	1	0	1	1	1	0	1	1	0	1	1	0	1	1	1	1	1	1	1	1	1	1	1	1	1	1	1	1	0	1	1	0	1
74	1	1	0	1	0	0	1	1	0	0	0	0	0	0	0	1	1	0	0	0	1	0	0	0	0	1	0	0	0	1	1	1	1	0	1	0	1	1	1	1
75	0	0	0	0	0	0	0	0	0	0	0	0	0	0	0	0	0	0	0	0	0	1	0	0	1	0	1	0	0	0	0	0	0	0	1	0	0	0	0	0
76	0	0	0	0	0	1	1	0	0	1	0	1	1	0	0	1	0	1	0	0	0	0	0	0	0	0	0	0	1	1	0	0	0	0	0	0	0	1	0	0
77	0	0	0	0	0	0	0	0	0	0	0	0	0	0	0	0	0	0	0	0	0	0	0	1	0	0	0	0	0	0	0	0	0	0	0	0	1	0	0	1
78	1	1	1	1	1	0	0	1	1	0	0	0	0	0	1	0	1	0	1	1	1	0	1	1	0	0	1	0	0	1	0	0	1	0	1	0	0	0	0	0
79	1	0	0	0	1	0	0	1	1	1	1	1	1	0	0	0	1	0	0	0	1	0	1	0	1	0	0	1	1	0	0	0	1	0	1	0	1	1	0	0
80	1	0	0	0	1	0	1	1	0	0	1	1	0	1	0	0	0	1	0	0	0	0	0	0	0	0	1	0	0	0	1	0	0	0	0	0	0	1	0	0
