10.8
30
1	0.86	2.02
2	0.23	0.94
3	0.6	7.35
4	0.8	5.53
5	0.9	9.67
6	0.05	6.67
7	0.61	4.96
8	0.31	0.37
9	0.9	9.78
10	0.3	8.37
11	0.44	7.21
12	0.54	7.3
13	0.86	2.01
14	0.46	8.65
15	0.18	1.33
16	0.42	1.05
17	0.08	4.08
18	0.64	1.34
19	0.88	5.28
20	0.3	3.31
21	0.18	6.63
22	0.62	7.61
23	0.56	2.36
24	0.42	3.28
25	0.99	9.77
26	0.8	9.07
27	0.89	4.38
28	0.42	9.61
29	0.36	9.91
30	0.16	7.37
60
1	1	0	0	0	0	0	0	0	0	0	0	0	0	0	0	0	0	0	0	0	0	0	0	0	0	0	0	0	0	0
2	0	1	0	0	0	0	0	0	0	0	0	0	0	0	0	0	0	0	0	0	0	0	0	0	0	0	0	0	0	0
3	0	0	1	0	0	0	0	0	0	0	0	0	0	0	0	0	0	0	0	0	0	0	0	0	0	0	0	0	0	0
4	0	0	0	1	0	0	0	0	0	0	0	0	0	0	0	0	0	0	0	0	0	0	0	0	0	0	0	0	0	0
5	0	0	0	0	1	0	0	0	0	0	0	0	0	0	0	0	0	0	0	0	0	0	0	0	0	0	0	0	0	0
6	0	0	0	0	0	1	0	0	0	0	0	0	0	0	0	0	0	0	0	0	0	0	0	0	0	0	0	0	0	0
7	0	0	0	0	0	0	1	0	0	0	0	0	0	0	0	0	0	0	0	0	0	0	0	0	0	0	0	0	0	0
8	0	0	0	0	0	0	0	1	0	0	0	0	0	0	0	0	0	0	0	0	0	0	0	0	0	0	0	0	0	0
9	0	0	0	0	0	0	0	0	1	0	0	0	0	0	0	0	0	0	0	0	0	0	0	0	0	0	0	0	0	0
10	0	0	0	0	0	0	0	0	0	1	0	0	0	0	0	0	0	0	0	0	0	0	0	0	0	0	0	0	0	0
11	0	0	0	0	0	0	0	0	0	0	1	0	0	0	0	0	0	0	0	0	0	0	0	0	0	0	0	0	0	0
12	0	0	0	0	0	0	0	0	0	0	0	1	0	0	0	0	0	0	0	0	0	0	0	0	0	0	0	0	0	0
13	0	0	0	0	0	0	0	0	0	0	0	0	1	0	0	0	0	0	0	0	0	0	0	0	0	0	0	0	0	0
14	0	0	0	0	0	0	0	0	0	0	0	0	0	1	0	0	0	0	0	0	0	0	0	0	0	0	0	0	0	0
15	0	0	0	0	0	0	0	0	0	0	0	0	0	0	1	0	0	0	0	0	0	0	0	0	0	0	0	0	0	0
16	0	0	0	0	0	0	0	0	0	0	0	0	0	0	0	1	0	0	0	0	0	0	0	0	0	0	0	0	0	0
17	0	0	0	0	0	0	0	0	0	0	0	0	0	0	0	0	1	0	0	0	0	0	0	0	0	0	0	0	0	0
18	0	0	0	0	0	0	0	0	0	0	0	0	0	0	0	0	0	1	0	0	0	0	0	0	0	0	0	0	0	0
19	0	0	0	0	0	0	0	0	0	0	0	0	0	0	0	0	0	0	1	0	0	0	0	0	0	0	0	0	0	0
20	0	0	0	0	0	0	0	0	0	0	0	0	0	0	0	0	0	0	0	1	0	0	0	0	0	0	0	0	0	0
21	0	0	0	0	0	0	0	0	0	0	0	0	0	0	0	0	0	0	0	0	1	0	0	0	0	0	0	0	0	0
22	0	0	0	0	0	0	0	0	0	0	0	0	0	0	0	0	0	0	0	0	0	1	0	0	0	0	0	0	0	0
23	0	0	0	0	0	0	0	0	0	0	0	0	0	0	0	0	0	0	0	0	0	0	1	0	0	0	0	0	0	0
24	0	0	0	0	0	0	0	0	0	0	0	0	0	0	0	0	0	0	0	0	0	0	0	1	0	0	0	0	0	0
25	0	0	0	0	0	0	0	0	0	0	0	0	0	0	0	0	0	0	0	0	0	0	0	0	1	0	0	0	0	0
26	0	0	0	0	0	0	0	0	0	0	0	0	0	0	0	0	0	0	0	0	0	0	0	0	0	1	0	0	0	0
27	0	0	0	0	0	0	0	0	0	0	0	0	0	0	0	0	0	0	0	0	0	0	0	0	0	0	1	0	0	0
28	0	0	0	0	0	0	0	0	0	0	0	0	0	0	0	0	0	0	0	0	0	0	0	0	0	0	0	1	0	0
29	0	0	0	0	0	0	0	0	0	0	0	0	0	0	0	0	0	0	0	0	0	0	0	0	0	0	0	0	1	0
30	0	0	0	0	0	0	0	0	0	0	0	0	0	0	0	0	0	0	0	0	0	0	0	0	0	0	0	0	0	1
31	1	1	1	0	1	0	0	0	1	1	1	0	0	1	0	1	1	1	0	1	1	1	1	1	1	1	1	0	1	1
32	0	0	0	0	0	0	1	0	0	1	0	0	0	1	0	1	1	0	0	1	0	1	0	0	1	0	1	1	0	0
33	1	1	1	1	1	1	1	1	1	0	0	1	1	1	1	0	1	1	0	1	1	1	1	1	1	1	1	1	1	1
34	1	0	1	1	1	0	0	1	1	0	1	1	1	1	1	1	0	0	0	1	1	1	0	1	0	1	1	0	1	0
35	0	0	1	1	1	1	1	0	0	0	0	0	1	1	0	1	1	1	1	1	1	1	0	0	1	1	1	1	1	1
36	1	1	0	1	1	1	1	1	1	1	1	1	0	1	1	1	0	1	1	1	1	1	0	0	1	1	1	1	1	1
37	0	0	0	0	0	0	0	0	0	0	0	0	0	0	0	0	0	0	0	0	0	0	1	0	0	0	0	1	0	1
38	0	1	0	0	0	0	0	0	0	0	0	0	0	0	0	1	0	1	0	0	0	0	0	0	0	0	0	0	0	1
39	0	0	0	0	0	0	0	0	1	0	0	0	1	1	0	1	1	0	0	0	0	0	1	1	0	0	0	0	0	0
40	1	0	0	1	1	0	1	0	1	1	1	0	0	0	0	1	0	1	1	0	0	0	0	1	0	1	0	0	0	1
41	1	1	1	1	1	0	1	0	0	1	0	1	1	0	1	1	1	0	1	0	0	1	1	0	1	1	0	0	1	1
42	1	1	0	0	0	0	0	1	0	0	0	0	0	0	0	0	0	0	0	1	1	0	0	0	0	1	0	0	0	0
43	0	0	1	0	0	0	0	0	1	0	0	0	0	0	0	0	0	0	0	0	0	0	0	0	0	1	0	0	0	0
44	0	0	1	0	1	1	1	1	1	0	0	0	0	0	1	0	1	1	1	0	1	1	1	0	1	0	0	0	1	0
45	0	0	0	0	0	0	0	0	0	0	0	0	0	0	0	0	0	0	0	0	0	0	1	0	0	1	0	0	0	0
46	1	0	0	1	0	0	1	0	1	0	1	1	1	0	0	1	0	0	0	0	0	0	0	1	1	0	0	0	0	0
47	1	1	1	1	1	1	1	1	1	1	1	1	1	1	1	1	1	1	1	1	1	1	1	1	1	1	1	1	1	1
48	0	0	0	0	0	1	1	0	0	1	0	0	0	0	1	1	0	0	0	1	0	0	0	1	1	0	0	0	0	0
49	0	1	0	1	0	0	0	0	0	0	1	0	0	0	0	0	0	1	0	0	0	0	1	0	0	0	0	0	0	1
50	0	1	0	1	1	1	1	0	0	1	1	1	0	0	0	1	1	1	0	1	0	1	0	1	1	0	0	1	0	0
51	0	1	1	1	0	1	1	1	1	1	0	0	0	1	1	0	0	0	0	0	0	1	1	1	0	1	0	0	1	0
52	1	1	1	0	1	1	0	1	1	1	1	1	1	1	1	1	0	1	1	0	1	1	0	1	1	1	1	0	1	1
53	0	0	1	1	0	1	0	0	0	1	0	0	1	1	1	0	0	0	1	0	1	1	1	1	0	0	1	1	1	0
54	1	1	1	1	1	1	1	1	1	1	1	1	1	1	1	1	1	1	1	1	0	1	1	1	1	1	1	1	1	1
55	1	1	0	0	1	1	1	0	0	1	1	1	0	0	1	1	0	0	1	0	0	0	0	1	1	0	1	0	0	1
56	0	1	1	1	1	1	0	1	0	1	1	1	1	0	1	1	1	1	1	0	0	1	1	0	0	1	1	1	1	1
57	1	1	1	1	1	1	1	1	1	1	1	1	1	1	1	0	0	1	1	1	1	1	1	1	1	1	1	1	1	1
58	1	1	0	0	1	1	1	0	0	1	0	1	0	0	0	1	0	1	0	1	1	0	0	0	1	0	1	1	1	0
59	1	0	1	0	1	1	1	1	1	0	1	1	1	1	1	1	1	1	1	1	1	1	1	1	1	1	1	0	1	1
60	1	1	1	1	1	1	1	1	0	1	0	0	0	1	1	0	0	1	1	1	0	1	0	1	1	1	1	0	0	1
