4.6
40
1	0.92	8.36
2	0.1	1.83
3	0.51	4.13
4	0.14	4.66
5	0.9	0.08
6	0.02	5.11
7	0.25	8.7
8	0.46	0.51
9	0.21	6.81
10	0.4	6.23
11	0.9	3.31
12	0.2	2.22
13	0.47	5.38
14	0.05	1.87
15	0.19	1.3
16	0.18	4.37
17	0.62	3
18	0.37	3.88
19	0.99	1.9
20	0.99	3.45
21	0.84	6.42
22	0.49	0.65
23	0.29	4.91
24	0.23	4.03
25	0.18	8.3
26	0.68	7.86
27	0.23	3.34
28	0.12	8.84
29	0.37	2.18
30	0.25	9.48
31	0.71	4.59
32	0.6	5.25
33	0.06	1.52
34	0.66	2.08
35	0.39	5.72
36	0.68	8.88
37	0.51	7.31
38	0.24	0.04
39	0.93	8.96
40	0.29	4.28
80
1	1	0	0	0	0	0	0	0	0	0	0	0	0	0	0	0	0	0	0	0	0	0	0	0	0	0	0	0	0	0	0	0	0	0	0	0	0	0	0	0
2	0	1	0	0	0	0	0	0	0	0	0	0	0	0	0	0	0	0	0	0	0	0	0	0	0	0	0	0	0	0	0	0	0	0	0	0	0	0	0	0
3	0	0	1	0	0	0	0	0	0	0	0	0	0	0	0	0	0	0	0	0	0	0	0	0	0	0	0	0	0	0	0	0	0	0	0	0	0	0	0	0
4	0	0	0	1	0	0	0	0	0	0	0	0	0	0	0	0	0	0	0	0	0	0	0	0	0	0	0	0	0	0	0	0	0	0	0	0	0	0	0	0
5	0	0	0	0	1	0	0	0	0	0	0	0	0	0	0	0	0	0	0	0	0	0	0	0	0	0	0	0	0	0	0	0	0	0	0	0	0	0	0	0
6	0	0	0	0	0	1	0	0	0	0	0	0	0	0	0	0	0	0	0	0	0	0	0	0	0	0	0	0	0	0	0	0	0	0	0	0	0	0	0	0
7	0	0	0	0	0	0	1	0	0	0	0	0	0	0	0	0	0	0	0	0	0	0	0	0	0	0	0	0	0	0	0	0	0	0	0	0	0	0	0	0
8	0	0	0	0	0	0	0	1	0	0	0	0	0	0	0	0	0	0	0	0	0	0	0	0	0	0	0	0	0	0	0	0	0	0	0	0	0	0	0	0
9	0	0	0	0	0	0	0	0	1	0	0	0	0	0	0	0	0	0	0	0	0	0	0	0	0	0	0	0	0	0	0	0	0	0	0	0	0	0	0	0
10	0	0	0	0	0	0	0	0	0	1	0	0	0	0	0	0	0	0	0	0	0	0	0	0	0	0	0	0	0	0	0	0	0	0	0	0	0	0	0	0
11	0	0	0	0	0	0	0	0	0	0	1	0	0	0	0	0	0	0	0	0	0	0	0	0	0	0	0	0	0	0	0	0	0	0	0	0	0	0	0	0
12	0	0	0	0	0	0	0	0	0	0	0	1	0	0	0	0	0	0	0	0	0	0	0	0	0	0	0	0	0	0	0	0	0	0	0	0	0	0	0	0
13	0	0	0	0	0	0	0	0	0	0	0	0	1	0	0	0	0	0	0	0	0	0	0	0	0	0	0	0	0	0	0	0	0	0	0	0	0	0	0	0
14	0	0	0	0	0	0	0	0	0	0	0	0	0	1	0	0	0	0	0	0	0	0	0	0	0	0	0	0	0	0	0	0	0	0	0	0	0	0	0	0
15	0	0	0	0	0	0	0	0	0	0	0	0	0	0	1	0	0	0	0	0	0	0	0	0	0	0	0	0	0	0	0	0	0	0	0	0	0	0	0	0
16	0	0	0	0	0	0	0	0	0	0	0	0	0	0	0	1	0	0	0	0	0	0	0	0	0	0	0	0	0	0	0	0	0	0	0	0	0	0	0	0
17	0	0	0	0	0	0	0	0	0	0	0	0	0	0	0	0	1	0	0	0	0	0	0	0	0	0	0	0	0	0	0	0	0	0	0	0	0	0	0	0
18	0	0	0	0	0	0	0	0	0	0	0	0	0	0	0	0	0	1	0	0	0	0	0	0	0	0	0	0	0	0	0	0	0	0	0	0	0	0	0	0
19	0	0	0	0	0	0	0	0	0	0	0	0	0	0	0	0	0	0	1	0	0	0	0	0	0	0	0	0	0	0	0	0	0	0	0	0	0	0	0	0
20	0	0	0	0	0	0	0	0	0	0	0	0	0	0	0	0	0	0	0	1	0	0	0	0	0	0	0	0	0	0	0	0	0	0	0	0	0	0	0	0
21	0	0	0	0	0	0	0	0	0	0	0	0	0	0	0	0	0	0	0	0	1	0	0	0	0	0	0	0	0	0	0	0	0	0	0	0	0	0	0	0
22	0	0	0	0	0	0	0	0	0	0	0	0	0	0	0	0	0	0	0	0	0	1	0	0	0	0	0	0	0	0	0	0	0	0	0	0	0	0	0	0
23	0	0	0	0	0	0	0	0	0	0	0	0	0	0	0	0	0	0	0	0	0	0	1	0	0	0	0	0	0	0	0	0	0	0	0	0	0	0	0	0
24	0	0	0	0	0	0	0	0	0	0	0	0	0	0	0	0	0	0	0	0	0	0	0	1	0	0	0	0	0	0	0	0	0	0	0	0	0	0	0	0
25	0	0	0	0	0	0	0	0	0	0	0	0	0	0	0	0	0	0	0	0	0	0	0	0	1	0	0	0	0	0	0	0	0	0	0	0	0	0	0	0
26	0	0	0	0	0	0	0	0	0	0	0	0	0	0	0	0	0	0	0	0	0	0	0	0	0	1	0	0	0	0	0	0	0	0	0	0	0	0	0	0
27	0	0	0	0	0	0	0	0	0	0	0	0	0	0	0	0	0	0	0	0	0	0	0	0	0	0	1	0	0	0	0	0	0	0	0	0	0	0	0	0
28	0	0	0	0	0	0	0	0	0	0	0	0	0	0	0	0	0	0	0	0	0	0	0	0	0	0	0	1	0	0	0	0	0	0	0	0	0	0	0	0
29	0	0	0	0	0	0	0	0	0	0	0	0	0	0	0	0	0	0	0	0	0	0	0	0	0	0	0	0	1	0	0	0	0	0	0	0	0	0	0	0
30	0	0	0	0	0	0	0	0	0	0	0	0	0	0	0	0	0	0	0	0	0	0	0	0	0	0	0	0	0	1	0	0	0	0	0	0	0	0	0	0
31	0	0	0	0	0	0	0	0	0	0	0	0	0	0	0	0	0	0	0	0	0	0	0	0	0	0	0	0	0	0	1	0	0	0	0	0	0	0	0	0
32	0	0	0	0	0	0	0	0	0	0	0	0	0	0	0	0	0	0	0	0	0	0	0	0	0	0	0	0	0	0	0	1	0	0	0	0	0	0	0	0
33	0	0	0	0	0	0	0	0	0	0	0	0	0	0	0	0	0	0	0	0	0	0	0	0	0	0	0	0	0	0	0	0	1	0	0	0	0	0	0	0
34	0	0	0	0	0	0	0	0	0	0	0	0	0	0	0	0	0	0	0	0	0	0	0	0	0	0	0	0	0	0	0	0	0	1	0	0	0	0	0	0
35	0	0	0	0	0	0	0	0	0	0	0	0	0	0	0	0	0	0	0	0	0	0	0	0	0	0	0	0	0	0	0	0	0	0	1	0	0	0	0	0
36	0	0	0	0	0	0	0	0	0	0	0	0	0	0	0	0	0	0	0	0	0	0	0	0	0	0	0	0	0	0	0	0	0	0	0	1	0	0	0	0
37	0	0	0	0	0	0	0	0	0	0	0	0	0	0	0	0	0	0	0	0	0	0	0	0	0	0	0	0	0	0	0	0	0	0	0	0	1	0	0	0
38	0	0	0	0	0	0	0	0	0	0	0	0	0	0	0	0	0	0	0	0	0	0	0	0	0	0	0	0	0	0	0	0	0	0	0	0	0	1	0	0
39	0	0	0	0	0	0	0	0	0	0	0	0	0	0	0	0	0	0	0	0	0	0	0	0	0	0	0	0	0	0	0	0	0	0	0	0	0	0	1	0
40	0	0	0	0	0	0	0	0	0	0	0	0	0	0	0	0	0	0	0	0	0	0	0	0	0	0	0	0	0	0	0	0	0	0	0	0	0	0	0	1
41	1	1	1	1	1	0	1	1	1	0	1	1	1	1	1	1	1	1	1	1	1	0	1	1	1	1	1	1	1	1	1	1	1	1	1	1	1	1	0	1
42	0	1	1	0	1	0	0	0	1	1	0	0	0	1	1	0	0	0	1	1	1	0	0	0	1	0	0	0	1	0	1	1	0	1	1	1	0	0	1	0
43	0	1	0	1	0	0	0	0	0	0	0	0	0	1	1	0	1	0	0	0	0	0	0	1	0	0	0	0	0	0	0	1	0	0	0	0	0	1	0	0
44	1	0	0	0	0	1	1	0	1	1	1	0	0	0	1	1	0	0	0	1	1	0	0	0	0	0	1	0	1	0	1	0	0	0	0	0	0	0	0	1
45	1	1	1	1	1	1	1	1	1	1	1	1	1	1	1	0	1	1	1	1	0	1	1	1	0	1	0	1	1	0	1	1	1	1	1	1	1	1	1	1
46	1	1	0	1	1	1	1	1	1	0	1	1	1	1	1	1	1	1	0	1	1	1	1	1	1	1	0	1	1	0	0	1	1	1	1	1	1	1	0	0
47	1	0	1	1	0	0	0	1	0	0	1	0	1	1	1	1	1	0	1	0	1	1	1	1	0	1	1	0	0	1	1	0	0	0	0	0	0	1	1	0
48	1	1	0	1	1	0	1	1	1	1	1	0	1	0	1	1	1	1	1	1	1	1	0	0	0	1	1	1	1	1	1	1	1	1	1	1	1	0	1	1
49	1	1	0	0	1	1	1	1	1	1	0	0	0	0	1	0	0	1	1	0	1	1	1	0	1	0	0	1	1	1	1	1	1	1	0	1	0	1	1	1
50	1	0	1	1	0	0	0	0	0	0	0	0	0	0	0	1	0	0	1	0	1	1	0	0	0	0	1	0	0	1	0	1	1	0	1	0	0	1	0	0
51	0	0	1	0	0	0	0	1	0	0	1	0	1	1	1	0	1	1	0	1	1	0	0	1	0	1	1	0	1	1	1	1	0	1	1	0	0	0	0	0
52	1	1	1	1	1	1	0	0	1	1	1	1	1	0	1	1	0	1	1	0	0	1	0	1	0	1	1	1	1	0	0	0	1	0	0	1	0	1	1	1
53	1	1	1	0	0	0	1	1	1	1	0	0	0	1	0	1	0	0	1	0	1	1	0	0	1	0	1	0	0	0	1	0	0	1	1	1	1	1	1	0
54	0	0	0	1	0	0	0	0	0	0	0	0	0	0	0	0	0	1	0	0	1	0	0	0	0	0	0	0	0	0	0	0	0	0	0	0	1	0	0	0
55	0	0	1	1	1	0	0	1	0	0	0	0	0	0	0	1	0	0	0	0	1	0	0	0	0	1	0	0	0	0	0	1	0	1	0	0	0	1	0	0
56	0	0	1	0	0	1	1	1	1	1	1	1	0	1	0	0	0	0	0	1	1	1	0	1	0	1	1	0	1	1	1	1	1	1	1	0	0	0	1	1
57	1	1	1	1	1	1	1	1	1	1	0	0	1	1	1	0	1	1	1	0	1	1	1	1	0	1	1	0	1	1	0	1	1	1	1	1	0	0	1	1
58	0	0	0	0	1	0	0	0	0	1	1	1	1	1	0	1	0	0	0	1	0	1	1	0	1	0	1	0	1	1	0	0	1	0	0	1	1	0	0	1
59	0	0	0	1	0	1	1	0	1	1	0	1	0	1	0	1	0	1	1	1	0	1	1	0	0	0	1	0	0	1	0	0	1	1	1	1	1	0	0	0
60	1	0	0	1	1	0	1	0	0	1	1	0	1	1	1	0	0	1	1	1	1	1	1	0	1	0	0	1	1	1	0	1	1	1	1	1	0	1	1	1
61	1	1	1	1	1	1	0	1	0	0	1	0	1	1	1	0	1	0	0	1	1	0	0	1	0	0	0	1	1	1	1	1	1	1	1	1	1	0	0	0
62	0	0	0	0	0	0	0	0	0	1	0	0	0	0	0	0	0	0	0	0	0	1	0	0	0	0	1	0	0	0	0	0	1	0	0	0	0	0	0	0
63	0	0	1	0	1	0	1	0	1	0	1	0	0	0	0	0	1	1	0	1	0	0	0	0	1	0	0	0	0	0	0	1	1	1	1	1	0	0	0	0
64	0	0	0	0	1	1	1	0	0	1	0	0	0	0	1	0	0	0	1	0	0	1	1	0	1	1	1	1	0	0	1	0	0	0	0	0	0	0	0	0
65	0	1	1	0	1	0	0	1	1	1	0	0	1	1	0	1	1	1	0	0	1	1	1	1	1	0	1	0	1	0	1	1	0	0	1	1	1	0	0	1
66	1	0	0	1	1	0	0	1	0	1	1	0	1	1	0	0	0	0	1	1	0	0	0	1	0	1	0	0	0	0	0	0	0	0	1	1	1	1	0	1
67	1	1	1	0	1	1	1	1	1	1	0	1	1	1	1	1	1	1	0	0	1	1	1	1	1	0	1	1	1	1	1	1	1	1	0	1	1	1	1	1
68	1	1	1	1	1	0	0	1	1	1	0	1	1	1	1	1	0	1	1	0	0	0	0	0	0	1	0	0	1	1	0	1	0	1	0	1	1	1	1	0
69	0	1	0	0	0	0	0	0	0	1	1	0	0	0	0	0	1	0	1	1	1	0	1	0	0	0	0	1	1	0	0	0	1	0	0	0	1	1	1	1
70	0	0	0	0	1	1	1	0	1	0	0	1	1	0	1	1	1	0	0	0	1	0	1	1	0	1	0	0	1	1	1	1	1	0	0	1	0	1	0	1
71	1	0	0	0	0	0	0	0	1	1	0	1	0	1	0	0	1	0	1	0	0	0	1	0	1	1	0	0	1	0	1	0	0	1	0	0	1	0	1	0
72	0	0	1	0	0	0	0	0	1	0	1	0	0	0	0	0	0	1	0	1	0	0	0	0	1	0	0	0	0	0	0	1	1	0	0	0	1	0	0	1
73	1	1	1	1	1	1	1	1	1	1	1	1	1	1	0	0	1	1	0	1	1	1	1	1	1	0	0	0	1	1	1	1	1	0	1	1	1	0	1	1
74	0	1	1	1	0	1	1	1	1	0	1	0	0	1	1	0	1	1	1	1	1	1	1	1	1	1	1	1	1	1	1	1	1	0	1	0	0	1	1	1
75	1	1	1	1	1	1	1	1	1	1	1	1	1	1	1	1	1	0	1	1	0	1	1	0	1	1	1	1	1	1	1	1	1	1	1	1	1	1	1	0
76	0	0	1	0	1	1	1	0	0	1	0	0	1	1	1	1	0	1	0	0	0	1	0	0	1	0	1	0	1	1	0	1	1	0	1	0	0	0	0	0
77	0	0	1	0	0	1	0	0	0	0	0	1	1	0	0	0	0	0	1	0	0	0	1	1	1	0	1	0	0	0	1	1	0	1	0	0	0	0	1	0
78	1	1	0	1	1	1	0	1	0	1	0	1	1	1	1	1	1	1	1	1	1	0	0	0	1	0	0	0	0	1	0	0	1	1	0	1	1	1	1	1
79	1	0	1	1	0	1	1	1	1	0	1	1	0	1	1	0	1	0	0	1	1	1	1	1	1	1	1	1	1	1	1	1	0	0	1	0	1	1	1	0
80	0	1	0	0	1	1	0	1	1	0	1	1	1	0	0	1	1	0	0	0	0	0	0	0	0	1	0	0	1	0	1	0	1	0	1	0	1	1	1	1
