8.6
30
1	0.4	7.92
2	0.94	9.05
3	0.34	8.34
4	0.52	7.91
5	0.46	1.25
6	0.86	9
7	0.2	3.77
8	0.03	2.48
9	0.48	6.8
10	0.25	1.65
11	0.05	2.2
12	0.61	8.02
13	0.85	7.48
14	0.22	2.72
15	0.91	5.53
16	0.73	7.4
17	0.67	5.01
18	0.49	1.16
19	0.29	6.7
20	0.66	5.98
21	0.85	8.8
22	0.11	2.37
23	0.95	0.17
24	0.27	4.92
25	0.68	1.6
26	0.43	8.48
27	0.28	0.8
28	0.27	6.26
29	0.8	4.98
30	0.49	0.5
60
1	1	0	0	0	0	0	0	0	0	0	0	0	0	0	0	0	0	0	0	0	0	0	0	0	0	0	0	0	0	0
2	0	1	0	0	0	0	0	0	0	0	0	0	0	0	0	0	0	0	0	0	0	0	0	0	0	0	0	0	0	0
3	0	0	1	0	0	0	0	0	0	0	0	0	0	0	0	0	0	0	0	0	0	0	0	0	0	0	0	0	0	0
4	0	0	0	1	0	0	0	0	0	0	0	0	0	0	0	0	0	0	0	0	0	0	0	0	0	0	0	0	0	0
5	0	0	0	0	1	0	0	0	0	0	0	0	0	0	0	0	0	0	0	0	0	0	0	0	0	0	0	0	0	0
6	0	0	0	0	0	1	0	0	0	0	0	0	0	0	0	0	0	0	0	0	0	0	0	0	0	0	0	0	0	0
7	0	0	0	0	0	0	1	0	0	0	0	0	0	0	0	0	0	0	0	0	0	0	0	0	0	0	0	0	0	0
8	0	0	0	0	0	0	0	1	0	0	0	0	0	0	0	0	0	0	0	0	0	0	0	0	0	0	0	0	0	0
9	0	0	0	0	0	0	0	0	1	0	0	0	0	0	0	0	0	0	0	0	0	0	0	0	0	0	0	0	0	0
10	0	0	0	0	0	0	0	0	0	1	0	0	0	0	0	0	0	0	0	0	0	0	0	0	0	0	0	0	0	0
11	0	0	0	0	0	0	0	0	0	0	1	0	0	0	0	0	0	0	0	0	0	0	0	0	0	0	0	0	0	0
12	0	0	0	0	0	0	0	0	0	0	0	1	0	0	0	0	0	0	0	0	0	0	0	0	0	0	0	0	0	0
13	0	0	0	0	0	0	0	0	0	0	0	0	1	0	0	0	0	0	0	0	0	0	0	0	0	0	0	0	0	0
14	0	0	0	0	0	0	0	0	0	0	0	0	0	1	0	0	0	0	0	0	0	0	0	0	0	0	0	0	0	0
15	0	0	0	0	0	0	0	0	0	0	0	0	0	0	1	0	0	0	0	0	0	0	0	0	0	0	0	0	0	0
16	0	0	0	0	0	0	0	0	0	0	0	0	0	0	0	1	0	0	0	0	0	0	0	0	0	0	0	0	0	0
17	0	0	0	0	0	0	0	0	0	0	0	0	0	0	0	0	1	0	0	0	0	0	0	0	0	0	0	0	0	0
18	0	0	0	0	0	0	0	0	0	0	0	0	0	0	0	0	0	1	0	0	0	0	0	0	0	0	0	0	0	0
19	0	0	0	0	0	0	0	0	0	0	0	0	0	0	0	0	0	0	1	0	0	0	0	0	0	0	0	0	0	0
20	0	0	0	0	0	0	0	0	0	0	0	0	0	0	0	0	0	0	0	1	0	0	0	0	0	0	0	0	0	0
21	0	0	0	0	0	0	0	0	0	0	0	0	0	0	0	0	0	0	0	0	1	0	0	0	0	0	0	0	0	0
22	0	0	0	0	0	0	0	0	0	0	0	0	0	0	0	0	0	0	0	0	0	1	0	0	0	0	0	0	0	0
23	0	0	0	0	0	0	0	0	0	0	0	0	0	0	0	0	0	0	0	0	0	0	1	0	0	0	0	0	0	0
24	0	0	0	0	0	0	0	0	0	0	0	0	0	0	0	0	0	0	0	0	0	0	0	1	0	0	0	0	0	0
25	0	0	0	0	0	0	0	0	0	0	0	0	0	0	0	0	0	0	0	0	0	0	0	0	1	0	0	0	0	0
26	0	0	0	0	0	0	0	0	0	0	0	0	0	0	0	0	0	0	0	0	0	0	0	0	0	1	0	0	0	0
27	0	0	0	0	0	0	0	0	0	0	0	0	0	0	0	0	0	0	0	0	0	0	0	0	0	0	1	0	0	0
28	0	0	0	0	0	0	0	0	0	0	0	0	0	0	0	0	0	0	0	0	0	0	0	0	0	0	0	1	0	0
29	0	0	0	0	0	0	0	0	0	0	0	0	0	0	0	0	0	0	0	0	0	0	0	0	0	0	0	0	1	0
30	0	0	0	0	0	0	0	0	0	0	0	0	0	0	0	0	0	0	0	0	0	0	0	0	0	0	0	0	0	1
31	0	1	0	0	0	0	0	1	1	0	0	1	1	1	0	0	0	0	0	1	0	0	0	0	1	1	0	1	0	0
32	0	1	0	0	1	0	0	1	0	0	0	0	1	0	0	1	1	1	0	0	0	1	0	1	1	1	0	1	1	1
33	1	0	0	1	1	0	1	0	0	0	0	0	0	0	1	0	1	0	1	0	1	0	0	0	0	0	0	1	0	0
34	1	0	1	1	0	0	0	1	0	1	0	0	0	0	0	0	1	0	0	0	0	0	1	1	1	0	0	0	0	0
35	0	1	0	0	0	0	1	0	0	0	0	1	1	1	0	1	0	0	0	1	0	0	1	0	1	0	0	0	0	0
36	0	0	0	0	0	0	0	0	0	0	0	0	0	1	0	0	0	0	0	1	0	0	0	0	0	0	1	1	0	0
37	1	1	1	1	1	1	1	1	1	1	1	1	1	1	1	1	1	1	1	1	1	1	1	1	1	1	1	0	1	0
38	0	1	0	0	1	1	0	0	0	0	0	0	0	0	0	0	0	1	0	0	1	0	0	0	0	0	0	1	0	0
39	0	1	0	0	0	1	0	0	1	1	1	1	1	1	0	0	0	0	0	0	1	1	1	1	0	1	0	1	0	0
40	1	0	1	1	1	0	0	1	0	0	0	1	1	0	0	0	0	0	0	1	0	0	0	0	0	1	0	0	0	1
41	1	1	0	1	0	1	1	1	1	1	1	1	1	1	1	1	1	1	1	0	0	1	0	1	1	0	1	1	1	1
42	0	0	1	1	0	0	0	0	0	0	1	1	0	0	0	0	0	1	0	0	0	0	0	0	1	0	0	1	0	0
43	0	0	0	0	0	1	0	0	0	0	0	0	1	1	0	0	0	0	0	0	0	0	0	0	0	0	0	0	0	0
44	1	0	1	1	0	1	1	1	0	0	0	0	0	0	0	0	1	1	0	1	0	0	0	0	1	1	1	1	1	0
45	0	0	0	0	0	0	0	0	0	0	0	0	0	0	0	1	0	0	1	1	1	1	1	0	0	0	0	1	1	1
46	1	0	1	1	1	1	1	0	0	0	1	1	1	0	1	1	0	1	1	0	1	1	1	1	1	1	1	1	0	1
47	0	1	1	1	1	0	0	0	0	0	0	0	1	0	1	0	0	1	0	0	1	0	0	1	0	1	1	0	1	0
48	1	0	0	0	0	0	1	0	1	0	0	0	1	0	1	0	0	0	1	0	0	0	1	0	1	0	1	0	1	0
49	1	1	1	1	1	0	0	1	0	1	1	1	1	0	0	1	0	1	1	1	1	1	0	0	1	1	0	1	1	1
50	0	0	0	0	1	0	1	1	0	0	0	0	0	0	0	0	1	0	0	0	1	0	0	0	0	0	0	0	0	0
51	0	1	1	0	1	0	0	1	1	0	1	1	0	1	1	1	0	0	0	0	1	1	1	0	1	0	1	1	1	1
52	0	1	1	0	0	0	0	0	0	0	0	1	1	0	0	0	1	0	1	0	0	0	0	1	0	0	0	0	0	0
53	1	1	0	1	1	1	1	1	1	1	1	1	1	1	1	1	1	1	1	1	1	1	1	1	0	1	1	1	1	1
54	1	1	1	1	1	1	1	1	1	1	1	1	1	1	1	1	0	1	1	1	1	1	1	0	1	1	1	1	1	0
55	0	0	0	0	1	0	1	0	0	0	0	0	0	0	0	0	0	0	0	0	0	0	1	1	0	0	0	0	1	1
56	1	1	1	0	1	1	1	1	1	0	1	1	1	1	1	1	0	1	1	1	1	1	0	1	0	1	1	1	1	1
57	0	1	1	1	1	1	1	0	1	1	1	1	1	1	1	1	1	0	1	1	1	1	1	1	1	1	1	1	1	1
58	0	1	0	0	0	0	0	0	0	0	0	0	1	0	0	1	0	0	1	0	0	0	0	0	0	0	0	0	0	0
59	1	0	1	0	1	1	0	1	0	0	1	1	1	0	1	1	0	0	1	0	1	0	1	1	1	0	1	1	0	0
60	0	1	1	0	0	0	0	1	1	1	0	0	0	1	0	0	0	0	0	0	0	0	0	0	0	0	1	0	1	0
