3.8
30
1	0.21	8.07
2	0.81	6.92
3	0.4	5.17
4	0.06	6.42
5	0.5	7.69
6	0.15	7.86
7	0.47	0.02
8	0.32	0.56
9	0.64	1.89
10	0.33	3.42
11	0.58	6.66
12	0.76	1.99
13	0.36	5.91
14	0.94	7.33
15	0.57	3.05
16	0.31	3.6
17	0.24	0.24
18	0.29	7.19
19	0.03	6.51
20	0.66	3.56
21	0.66	2.12
22	0.36	2.83
23	0.13	5.17
24	0.62	1.47
25	0.46	3.47
26	0.45	0.08
27	0.83	9.13
28	0.66	6.16
29	0.68	9.68
30	0.86	0.37
60
1	1	0	0	0	0	0	0	0	0	0	0	0	0	0	0	0	0	0	0	0	0	0	0	0	0	0	0	0	0	0
2	0	1	0	0	0	0	0	0	0	0	0	0	0	0	0	0	0	0	0	0	0	0	0	0	0	0	0	0	0	0
3	0	0	1	0	0	0	0	0	0	0	0	0	0	0	0	0	0	0	0	0	0	0	0	0	0	0	0	0	0	0
4	0	0	0	1	0	0	0	0	0	0	0	0	0	0	0	0	0	0	0	0	0	0	0	0	0	0	0	0	0	0
5	0	0	0	0	1	0	0	0	0	0	0	0	0	0	0	0	0	0	0	0	0	0	0	0	0	0	0	0	0	0
6	0	0	0	0	0	1	0	0	0	0	0	0	0	0	0	0	0	0	0	0	0	0	0	0	0	0	0	0	0	0
7	0	0	0	0	0	0	1	0	0	0	0	0	0	0	0	0	0	0	0	0	0	0	0	0	0	0	0	0	0	0
8	0	0	0	0	0	0	0	1	0	0	0	0	0	0	0	0	0	0	0	0	0	0	0	0	0	0	0	0	0	0
9	0	0	0	0	0	0	0	0	1	0	0	0	0	0	0	0	0	0	0	0	0	0	0	0	0	0	0	0	0	0
10	0	0	0	0	0	0	0	0	0	1	0	0	0	0	0	0	0	0	0	0	0	0	0	0	0	0	0	0	0	0
11	0	0	0	0	0	0	0	0	0	0	1	0	0	0	0	0	0	0	0	0	0	0	0	0	0	0	0	0	0	0
12	0	0	0	0	0	0	0	0	0	0	0	1	0	0	0	0	0	0	0	0	0	0	0	0	0	0	0	0	0	0
13	0	0	0	0	0	0	0	0	0	0	0	0	1	0	0	0	0	0	0	0	0	0	0	0	0	0	0	0	0	0
14	0	0	0	0	0	0	0	0	0	0	0	0	0	1	0	0	0	0	0	0	0	0	0	0	0	0	0	0	0	0
15	0	0	0	0	0	0	0	0	0	0	0	0	0	0	1	0	0	0	0	0	0	0	0	0	0	0	0	0	0	0
16	0	0	0	0	0	0	0	0	0	0	0	0	0	0	0	1	0	0	0	0	0	0	0	0	0	0	0	0	0	0
17	0	0	0	0	0	0	0	0	0	0	0	0	0	0	0	0	1	0	0	0	0	0	0	0	0	0	0	0	0	0
18	0	0	0	0	0	0	0	0	0	0	0	0	0	0	0	0	0	1	0	0	0	0	0	0	0	0	0	0	0	0
19	0	0	0	0	0	0	0	0	0	0	0	0	0	0	0	0	0	0	1	0	0	0	0	0	0	0	0	0	0	0
20	0	0	0	0	0	0	0	0	0	0	0	0	0	0	0	0	0	0	0	1	0	0	0	0	0	0	0	0	0	0
21	0	0	0	0	0	0	0	0	0	0	0	0	0	0	0	0	0	0	0	0	1	0	0	0	0	0	0	0	0	0
22	0	0	0	0	0	0	0	0	0	0	0	0	0	0	0	0	0	0	0	0	0	1	0	0	0	0	0	0	0	0
23	0	0	0	0	0	0	0	0	0	0	0	0	0	0	0	0	0	0	0	0	0	0	1	0	0	0	0	0	0	0
24	0	0	0	0	0	0	0	0	0	0	0	0	0	0	0	0	0	0	0	0	0	0	0	1	0	0	0	0	0	0
25	0	0	0	0	0	0	0	0	0	0	0	0	0	0	0	0	0	0	0	0	0	0	0	0	1	0	0	0	0	0
26	0	0	0	0	0	0	0	0	0	0	0	0	0	0	0	0	0	0	0	0	0	0	0	0	0	1	0	0	0	0
27	0	0	0	0	0	0	0	0	0	0	0	0	0	0	0	0	0	0	0	0	0	0	0	0	0	0	1	0	0	0
28	0	0	0	0	0	0	0	0	0	0	0	0	0	0	0	0	0	0	0	0	0	0	0	0	0	0	0	1	0	0
29	0	0	0	0	0	0	0	0	0	0	0	0	0	0	0	0	0	0	0	0	0	0	0	0	0	0	0	0	1	0
30	0	0	0	0	0	0	0	0	0	0	0	0	0	0	0	0	0	0	0	0	0	0	0	0	0	0	0	0	0	1
31	1	1	1	0	1	1	1	1	1	1	1	1	1	0	1	1	1	0	0	0	1	1	1	0	0	1	1	1	1	0
32	1	1	1	1	1	1	1	1	1	1	0	1	1	1	1	1	1	1	1	1	1	0	1	1	0	1	1	1	1	1
33	1	0	1	1	1	0	0	1	0	0	1	0	1	0	1	1	1	0	1	1	0	1	1	1	0	1	0	0	1	0
34	1	1	1	1	0	0	1	1	1	1	1	1	0	1	1	0	1	0	1	1	1	1	0	1	1	1	1	1	1	0
35	1	1	1	1	1	0	1	1	1	1	1	1	0	1	0	1	1	1	1	0	1	1	1	1	1	1	1	0	0	1
36	1	0	0	1	1	0	0	1	0	1	1	1	0	1	0	1	0	0	0	1	1	0	0	0	0	0	1	0	0	0
37	1	0	0	1	0	0	1	1	1	1	1	1	1	1	1	0	0	1	0	0	0	1	0	0	0	0	1	0	1	1
38	0	0	1	1	0	0	1	1	1	1	1	1	0	1	0	0	0	1	1	0	1	0	1	1	1	1	0	1	1	1
39	0	1	0	0	0	0	0	0	0	0	0	1	0	0	0	0	0	0	0	0	0	0	0	0	0	0	0	0	0	1
40	0	0	0	1	0	0	0	0	0	0	0	0	0	0	0	0	1	0	0	0	0	0	0	1	0	0	0	0	0	0
41	1	1	1	1	0	0	1	1	1	0	1	1	0	0	1	0	1	0	0	1	0	1	0	1	1	1	0	1	0	0
42	1	1	0	1	1	0	0	1	1	0	0	1	0	0	1	0	0	0	0	1	1	1	1	0	0	1	0	0	0	1
43	0	0	1	1	0	1	1	1	0	1	1	0	0	1	1	0	1	1	0	0	1	1	1	0	1	0	1	0	1	0
44	0	0	0	0	0	0	0	0	0	1	0	1	1	0	0	0	0	0	0	1	1	0	0	0	0	0	0	0	0	0
45	1	1	1	1	1	1	1	1	1	1	1	1	1	1	1	1	1	1	0	0	1	1	1	0	0	1	0	1	1	1
46	0	0	0	1	0	1	0	1	1	0	0	1	1	0	1	1	0	1	0	0	0	0	0	0	1	0	0	1	1	0
47	0	0	1	0	1	0	0	0	1	0	0	0	0	0	1	0	1	0	1	0	1	0	0	1	0	1	0	1	0	1
48	0	1	1	0	0	0	1	1	0	1	1	0	1	1	1	0	0	1	0	0	0	0	1	0	1	0	1	0	1	1
49	0	1	0	0	0	0	1	0	0	0	0	0	0	1	0	0	1	1	1	0	1	1	0	1	0	0	1	0	0	0
50	1	0	1	1	0	0	1	1	1	0	0	1	1	1	0	1	1	1	1	0	0	1	1	0	0	0	1	0	1	1
51	1	1	1	1	0	1	1	1	1	1	1	1	1	1	1	1	1	1	0	1	1	1	1	0	1	1	1	1	1	1
52	0	0	1	1	1	0	0	1	1	1	1	0	0	0	1	1	0	1	0	1	1	0	0	0	0	1	0	1	0	0
53	0	0	0	0	0	0	0	1	1	0	0	0	0	0	0	0	0	1	0	0	0	1	0	1	1	0	0	1	0	0
54	1	1	1	1	1	1	1	1	1	0	0	1	1	1	1	1	1	1	1	1	1	1	1	1	1	1	1	1	1	1
55	1	0	0	1	0	0	0	1	0	1	1	1	0	1	0	1	0	0	0	1	0	0	0	1	0	1	0	0	0	0
56	1	1	0	0	1	0	0	0	0	1	0	0	0	1	0	0	0	1	0	1	0	0	1	1	0	1	0	0	0	1
57	0	0	0	1	0	0	0	0	1	0	1	0	0	0	0	0	0	0	0	0	0	0	0	0	1	0	1	0	0	0
58	1	0	1	1	1	0	1	1	0	1	1	0	0	1	1	0	0	1	1	1	0	1	1	1	0	0	0	0	0	1
59	0	0	0	0	1	0	1	0	0	1	0	0	0	0	1	1	0	0	0	0	0	0	1	0	1	0	0	0	0	1
60	1	0	0	0	1	1	0	0	1	0	0	1	0	0	1	0	0	0	0	0	0	0	0	1	0	0	1	0	0	0
