29.4
30
1	0.24	6.65
2	0.73	4.69
3	0.33	7.74
4	0.58	5.3
5	0.33	0.22
6	0.54	0.96
7	0.19	6.19
8	0.79	7.18
9	0.06	0.61
10	0.86	7.96
11	0.94	5.79
12	0.85	3.07
13	0.76	1.55
14	0.5	1.58
15	0.92	0.6
16	0.73	4.33
17	0.07	7.77
18	0.6	1.53
19	0.3	9.61
20	0.2	0.68
21	0.68	1.33
22	0.22	2.42
23	0.01	5.45
24	0.11	2.36
25	0.71	3.58
26	0.21	6.12
27	0.21	0.39
28	0.96	1.58
29	0.16	2.75
30	0.58	2.45
60
1	1	0	0	0	0	0	0	0	0	0	0	0	0	0	0	0	0	0	0	0	0	0	0	0	0	0	0	0	0	0
2	0	1	0	0	0	0	0	0	0	0	0	0	0	0	0	0	0	0	0	0	0	0	0	0	0	0	0	0	0	0
3	0	0	1	0	0	0	0	0	0	0	0	0	0	0	0	0	0	0	0	0	0	0	0	0	0	0	0	0	0	0
4	0	0	0	1	0	0	0	0	0	0	0	0	0	0	0	0	0	0	0	0	0	0	0	0	0	0	0	0	0	0
5	0	0	0	0	1	0	0	0	0	0	0	0	0	0	0	0	0	0	0	0	0	0	0	0	0	0	0	0	0	0
6	0	0	0	0	0	1	0	0	0	0	0	0	0	0	0	0	0	0	0	0	0	0	0	0	0	0	0	0	0	0
7	0	0	0	0	0	0	1	0	0	0	0	0	0	0	0	0	0	0	0	0	0	0	0	0	0	0	0	0	0	0
8	0	0	0	0	0	0	0	1	0	0	0	0	0	0	0	0	0	0	0	0	0	0	0	0	0	0	0	0	0	0
9	0	0	0	0	0	0	0	0	1	0	0	0	0	0	0	0	0	0	0	0	0	0	0	0	0	0	0	0	0	0
10	0	0	0	0	0	0	0	0	0	1	0	0	0	0	0	0	0	0	0	0	0	0	0	0	0	0	0	0	0	0
11	0	0	0	0	0	0	0	0	0	0	1	0	0	0	0	0	0	0	0	0	0	0	0	0	0	0	0	0	0	0
12	0	0	0	0	0	0	0	0	0	0	0	1	0	0	0	0	0	0	0	0	0	0	0	0	0	0	0	0	0	0
13	0	0	0	0	0	0	0	0	0	0	0	0	1	0	0	0	0	0	0	0	0	0	0	0	0	0	0	0	0	0
14	0	0	0	0	0	0	0	0	0	0	0	0	0	1	0	0	0	0	0	0	0	0	0	0	0	0	0	0	0	0
15	0	0	0	0	0	0	0	0	0	0	0	0	0	0	1	0	0	0	0	0	0	0	0	0	0	0	0	0	0	0
16	0	0	0	0	0	0	0	0	0	0	0	0	0	0	0	1	0	0	0	0	0	0	0	0	0	0	0	0	0	0
17	0	0	0	0	0	0	0	0	0	0	0	0	0	0	0	0	1	0	0	0	0	0	0	0	0	0	0	0	0	0
18	0	0	0	0	0	0	0	0	0	0	0	0	0	0	0	0	0	1	0	0	0	0	0	0	0	0	0	0	0	0
19	0	0	0	0	0	0	0	0	0	0	0	0	0	0	0	0	0	0	1	0	0	0	0	0	0	0	0	0	0	0
20	0	0	0	0	0	0	0	0	0	0	0	0	0	0	0	0	0	0	0	1	0	0	0	0	0	0	0	0	0	0
21	0	0	0	0	0	0	0	0	0	0	0	0	0	0	0	0	0	0	0	0	1	0	0	0	0	0	0	0	0	0
22	0	0	0	0	0	0	0	0	0	0	0	0	0	0	0	0	0	0	0	0	0	1	0	0	0	0	0	0	0	0
23	0	0	0	0	0	0	0	0	0	0	0	0	0	0	0	0	0	0	0	0	0	0	1	0	0	0	0	0	0	0
24	0	0	0	0	0	0	0	0	0	0	0	0	0	0	0	0	0	0	0	0	0	0	0	1	0	0	0	0	0	0
25	0	0	0	0	0	0	0	0	0	0	0	0	0	0	0	0	0	0	0	0	0	0	0	0	1	0	0	0	0	0
26	0	0	0	0	0	0	0	0	0	0	0	0	0	0	0	0	0	0	0	0	0	0	0	0	0	1	0	0	0	0
27	0	0	0	0	0	0	0	0	0	0	0	0	0	0	0	0	0	0	0	0	0	0	0	0	0	0	1	0	0	0
28	0	0	0	0	0	0	0	0	0	0	0	0	0	0	0	0	0	0	0	0	0	0	0	0	0	0	0	1	0	0
29	0	0	0	0	0	0	0	0	0	0	0	0	0	0	0	0	0	0	0	0	0	0	0	0	0	0	0	0	1	0
30	0	0	0	0	0	0	0	0	0	0	0	0	0	0	0	0	0	0	0	0	0	0	0	0	0	0	0	0	0	1
31	1	0	1	1	0	1	1	1	1	0	0	0	1	0	1	1	1	1	1	0	0	1	1	1	1	1	1	1	1	1
32	0	0	1	1	0	0	0	0	0	1	0	0	1	0	0	0	0	0	0	0	0	1	1	0	0	1	0	0	0	0
33	0	0	1	0	0	0	0	0	0	1	0	0	0	0	0	0	0	0	0	0	0	0	0	0	0	0	0	0	0	0
34	1	1	1	1	1	1	0	0	0	1	1	1	0	0	1	1	1	0	0	1	1	1	1	1	1	1	1	1	1	1
35	1	1	0	1	1	0	0	1	0	1	0	1	0	0	1	1	1	1	0	1	1	0	0	0	1	1	0	1	1	1
36	1	0	0	0	0	0	1	0	1	0	0	1	0	0	0	0	0	1	0	0	0	0	0	0	1	0	0	1	0	1
37	1	0	1	0	1	1	1	1	1	0	1	1	1	0	1	1	1	0	1	1	1	1	1	1	1	0	0	0	0	1
38	0	0	1	0	0	1	0	0	0	0	0	0	0	0	0	0	0	0	1	1	1	1	0	1	0	0	0	0	0	0
39	0	1	1	0	0	0	1	0	1	0	1	1	0	1	1	1	0	0	1	0	0	0	1	1	0	0	0	0	0	0
40	1	0	1	1	1	0	1	1	1	0	0	1	1	1	1	0	1	0	1	1	0	1	0	1	1	1	1	1	1	1
41	1	1	1	0	0	1	1	0	0	1	1	1	0	0	0	1	1	1	1	1	1	1	0	1	1	0	1	1	1	1
42	1	1	1	1	1	1	1	1	1	1	1	1	1	1	1	1	1	1	1	1	1	1	1	1	1	1	1	1	1	1
43	0	1	0	0	0	1	1	1	0	0	0	0	0	0	0	0	0	0	0	0	1	1	1	1	0	1	0	1	1	0
44	1	1	1	1	1	1	1	1	1	1	1	1	1	1	1	1	1	1	1	1	1	1	0	1	1	1	1	1	1	1
45	1	0	1	1	0	1	1	1	0	1	1	1	1	1	1	0	1	0	1	1	1	1	0	1	1	1	1	1	0	1
46	0	0	1	1	1	0	1	1	1	0	0	1	0	1	0	1	1	0	0	0	1	1	1	1	0	0	0	0	0	1
47	1	1	0	0	1	1	1	1	1	1	1	1	1	1	1	0	1	1	1	1	1	1	1	1	1	1	1	1	1	0
48	1	1	1	0	1	1	1	1	1	1	1	1	0	1	1	0	1	1	1	0	0	1	1	1	1	1	1	1	0	1
49	0	0	0	1	1	0	0	1	1	1	0	0	1	0	0	0	0	0	0	0	0	1	0	1	0	0	0	1	1	1
50	0	0	0	0	0	0	0	1	0	0	0	0	0	0	0	0	0	0	0	1	0	0	0	0	0	1	0	0	0	0
51	0	0	1	1	0	1	0	0	0	0	0	0	1	0	0	1	1	0	0	1	1	0	1	0	0	1	0	0	0	0
52	1	1	1	1	0	1	1	1	1	1	0	0	0	0	1	0	1	0	0	1	1	1	1	1	0	1	0	1	1	1
53	0	1	1	0	1	0	0	0	0	1	1	0	0	1	1	0	0	0	1	0	1	0	0	1	1	0	0	1	1	0
54	1	0	0	1	1	0	1	0	0	1	0	0	0	0	0	1	0	0	0	1	0	1	0	1	0	0	0	1	1	0
55	0	1	1	0	1	0	1	0	0	1	0	0	1	1	1	1	1	1	1	1	1	1	1	0	1	1	1	1	1	0
56	1	0	0	0	0	0	1	1	0	1	0	0	1	1	0	1	0	1	0	1	0	0	1	1	1	1	0	1	1	1
57	0	0	0	0	0	0	1	0	0	0	0	1	0	0	0	0	0	1	1	0	1	0	0	0	0	1	0	1	0	0
58	1	1	0	1	0	0	0	0	0	1	1	1	0	0	1	1	1	1	0	1	1	1	1	1	0	0	0	0	1	0
59	0	0	0	0	0	0	1	0	0	1	0	1	1	1	1	0	0	1	1	1	0	0	0	1	0	0	1	0	0	1
60	1	1	1	1	1	1	1	1	1	1	1	1	1	1	1	1	1	1	1	1	1	1	1	0	1	1	1	1	1	1
