8.2
30
1	0.74	1.95
2	0.98	7.41
3	0.39	4.31
4	0.67	5.26
5	0.03	6.79
6	0.32	2.9
7	0.29	7.73
8	0.56	4.93
9	0.18	5.72
10	0.28	8.59
11	0.92	4.54
12	0.33	0.76
13	0.5	3.58
14	0.64	6.25
15	0.29	9.11
16	0.09	3.17
17	0.04	0.12
18	0.08	0.63
19	0.74	1.46
20	0.14	4.08
21	0.57	4.67
22	0.3	5.52
23	0.13	1.56
24	0.69	8.54
25	0.75	5.61
26	0.21	1.91
27	0.69	3.92
28	0.42	1.33
29	0.93	6.99
30	0.88	9
60
1	1	0	0	0	0	0	0	0	0	0	0	0	0	0	0	0	0	0	0	0	0	0	0	0	0	0	0	0	0	0
2	0	1	0	0	0	0	0	0	0	0	0	0	0	0	0	0	0	0	0	0	0	0	0	0	0	0	0	0	0	0
3	0	0	1	0	0	0	0	0	0	0	0	0	0	0	0	0	0	0	0	0	0	0	0	0	0	0	0	0	0	0
4	0	0	0	1	0	0	0	0	0	0	0	0	0	0	0	0	0	0	0	0	0	0	0	0	0	0	0	0	0	0
5	0	0	0	0	1	0	0	0	0	0	0	0	0	0	0	0	0	0	0	0	0	0	0	0	0	0	0	0	0	0
6	0	0	0	0	0	1	0	0	0	0	0	0	0	0	0	0	0	0	0	0	0	0	0	0	0	0	0	0	0	0
7	0	0	0	0	0	0	1	0	0	0	0	0	0	0	0	0	0	0	0	0	0	0	0	0	0	0	0	0	0	0
8	0	0	0	0	0	0	0	1	0	0	0	0	0	0	0	0	0	0	0	0	0	0	0	0	0	0	0	0	0	0
9	0	0	0	0	0	0	0	0	1	0	0	0	0	0	0	0	0	0	0	0	0	0	0	0	0	0	0	0	0	0
10	0	0	0	0	0	0	0	0	0	1	0	0	0	0	0	0	0	0	0	0	0	0	0	0	0	0	0	0	0	0
11	0	0	0	0	0	0	0	0	0	0	1	0	0	0	0	0	0	0	0	0	0	0	0	0	0	0	0	0	0	0
12	0	0	0	0	0	0	0	0	0	0	0	1	0	0	0	0	0	0	0	0	0	0	0	0	0	0	0	0	0	0
13	0	0	0	0	0	0	0	0	0	0	0	0	1	0	0	0	0	0	0	0	0	0	0	0	0	0	0	0	0	0
14	0	0	0	0	0	0	0	0	0	0	0	0	0	1	0	0	0	0	0	0	0	0	0	0	0	0	0	0	0	0
15	0	0	0	0	0	0	0	0	0	0	0	0	0	0	1	0	0	0	0	0	0	0	0	0	0	0	0	0	0	0
16	0	0	0	0	0	0	0	0	0	0	0	0	0	0	0	1	0	0	0	0	0	0	0	0	0	0	0	0	0	0
17	0	0	0	0	0	0	0	0	0	0	0	0	0	0	0	0	1	0	0	0	0	0	0	0	0	0	0	0	0	0
18	0	0	0	0	0	0	0	0	0	0	0	0	0	0	0	0	0	1	0	0	0	0	0	0	0	0	0	0	0	0
19	0	0	0	0	0	0	0	0	0	0	0	0	0	0	0	0	0	0	1	0	0	0	0	0	0	0	0	0	0	0
20	0	0	0	0	0	0	0	0	0	0	0	0	0	0	0	0	0	0	0	1	0	0	0	0	0	0	0	0	0	0
21	0	0	0	0	0	0	0	0	0	0	0	0	0	0	0	0	0	0	0	0	1	0	0	0	0	0	0	0	0	0
22	0	0	0	0	0	0	0	0	0	0	0	0	0	0	0	0	0	0	0	0	0	1	0	0	0	0	0	0	0	0
23	0	0	0	0	0	0	0	0	0	0	0	0	0	0	0	0	0	0	0	0	0	0	1	0	0	0	0	0	0	0
24	0	0	0	0	0	0	0	0	0	0	0	0	0	0	0	0	0	0	0	0	0	0	0	1	0	0	0	0	0	0
25	0	0	0	0	0	0	0	0	0	0	0	0	0	0	0	0	0	0	0	0	0	0	0	0	1	0	0	0	0	0
26	0	0	0	0	0	0	0	0	0	0	0	0	0	0	0	0	0	0	0	0	0	0	0	0	0	1	0	0	0	0
27	0	0	0	0	0	0	0	0	0	0	0	0	0	0	0	0	0	0	0	0	0	0	0	0	0	0	1	0	0	0
28	0	0	0	0	0	0	0	0	0	0	0	0	0	0	0	0	0	0	0	0	0	0	0	0	0	0	0	1	0	0
29	0	0	0	0	0	0	0	0	0	0	0	0	0	0	0	0	0	0	0	0	0	0	0	0	0	0	0	0	1	0
30	0	0	0	0	0	0	0	0	0	0	0	0	0	0	0	0	0	0	0	0	0	0	0	0	0	0	0	0	0	1
31	0	0	0	0	0	0	0	0	0	1	0	1	0	0	0	0	1	0	1	1	0	0	1	1	1	1	0	0	0	0
32	0	0	0	1	0	1	0	1	0	0	0	0	0	1	0	0	1	1	0	0	1	0	0	0	0	0	0	0	0	0
33	0	1	1	0	0	1	1	0	0	1	0	0	0	0	1	1	0	0	1	0	0	1	1	1	1	0	0	0	1	1
34	0	0	0	0	0	0	0	0	0	1	0	0	1	0	0	0	1	0	0	0	0	0	1	1	0	0	0	0	0	0
35	1	0	1	0	0	1	0	1	1	0	1	1	1	0	1	0	0	0	1	1	0	1	0	1	0	0	1	0	0	1
36	0	0	1	1	1	1	0	1	0	1	1	0	1	1	0	0	1	0	1	0	0	1	0	0	0	0	0	0	0	1
37	0	0	0	0	0	0	0	0	1	1	1	0	0	1	0	0	0	0	0	0	0	0	0	0	0	0	0	1	0	0
38	1	0	0	0	0	1	0	0	1	1	0	0	0	0	0	0	1	0	1	0	1	0	0	0	0	1	0	0	1	0
39	0	0	0	0	0	0	0	0	0	0	0	0	0	0	0	0	0	0	0	0	0	0	0	1	0	0	0	1	0	1
40	1	0	0	0	0	0	0	0	0	0	1	0	0	0	0	1	0	0	1	0	1	0	0	0	0	1	0	1	0	0
41	0	0	1	0	0	0	1	0	0	0	0	0	0	0	0	1	0	0	0	0	0	0	0	0	0	0	1	0	0	0
42	0	0	0	0	0	0	0	0	0	0	0	0	0	0	0	1	0	1	0	0	0	1	0	1	1	0	1	0	0	0
43	0	0	0	0	0	1	0	0	0	0	0	1	0	1	0	0	0	1	0	1	0	0	0	0	0	0	1	0	0	1
44	0	0	0	0	0	0	0	0	1	0	0	0	0	0	0	0	0	0	0	0	0	0	0	0	0	0	0	0	0	1
45	0	1	0	0	0	0	0	0	1	1	0	0	0	0	1	1	1	0	0	0	0	0	0	0	0	0	0	0	0	0
46	0	0	1	0	0	0	0	0	0	0	1	1	0	0	0	0	0	0	0	0	0	0	0	0	0	0	1	0	0	0
47	1	0	1	1	1	0	0	1	0	0	1	0	0	1	0	0	0	1	0	0	1	1	1	0	0	1	1	0	0	1
48	1	1	1	1	1	1	1	0	0	1	0	0	0	1	1	0	0	1	0	0	1	0	0	0	0	0	0	0	0	0
49	1	1	1	1	1	0	1	0	0	0	0	1	0	0	1	1	1	1	0	0	1	0	0	0	1	1	1	0	0	0
50	0	0	1	1	0	0	1	0	1	0	1	1	0	1	0	1	1	0	0	0	0	0	1	1	0	0	0	0	0	0
51	0	0	0	1	0	0	0	1	0	0	0	0	0	0	0	1	0	0	0	0	0	0	0	0	0	1	0	0	0	0
52	0	0	0	0	0	0	0	0	0	0	0	0	0	1	0	0	0	0	0	0	0	0	0	1	0	1	1	1	1	0
53	0	0	0	0	1	0	0	0	1	0	0	1	0	1	0	0	0	0	0	1	0	1	1	0	1	1	0	1	0	1
54	0	0	0	1	1	0	1	1	0	0	1	0	1	0	1	1	1	0	0	0	0	1	0	0	0	0	1	1	1	0
55	1	1	1	0	1	0	0	1	1	1	1	1	0	0	1	1	1	0	1	0	0	0	0	0	0	0	0	0	0	0
56	0	0	1	0	0	1	1	0	1	0	0	0	0	0	0	0	0	1	1	1	0	1	0	0	1	1	1	0	0	0
57	0	0	0	1	0	1	0	0	0	1	1	1	1	0	0	0	0	0	0	0	1	1	0	1	1	0	1	0	0	0
58	1	0	0	1	0	0	0	0	0	0	0	1	0	1	0	1	1	0	0	0	1	0	0	0	0	0	1	1	0	0
59	1	0	0	0	1	0	0	0	1	1	1	0	1	1	0	0	0	1	0	1	0	0	1	0	1	0	0	1	1	1
60	0	1	0	0	0	0	0	0	1	1	0	1	1	0	0	1	1	1	1	1	0	0	0	0	0	0	0	1	1	1
