7.6
30
1	0.87	4.67
2	0.63	1.29
3	0.79	6.89
4	0.14	0.31
5	0.03	3.1
6	0.78	7.69
7	0.7	2.16
8	0.39	8.61
9	0.71	8.88
10	0.59	0.58
11	0.77	6.67
12	0.78	6.98
13	0.01	8.42
14	0.61	4.99
15	0.91	5.65
16	0.78	9.29
17	0.47	5.96
18	0.58	5.02
19	0.38	2.78
20	0.83	2.61
21	0.09	2.69
22	0.94	7.39
23	0.67	9.05
24	0.33	5.03
25	0.13	7
26	0.28	2.67
27	0.29	4.22
28	0.44	8.99
29	0.8	6.27
30	0.63	5.42
60
1	1	0	0	0	0	0	0	0	0	0	0	0	0	0	0	0	0	0	0	0	0	0	0	0	0	0	0	0	0	0
2	0	1	0	0	0	0	0	0	0	0	0	0	0	0	0	0	0	0	0	0	0	0	0	0	0	0	0	0	0	0
3	0	0	1	0	0	0	0	0	0	0	0	0	0	0	0	0	0	0	0	0	0	0	0	0	0	0	0	0	0	0
4	0	0	0	1	0	0	0	0	0	0	0	0	0	0	0	0	0	0	0	0	0	0	0	0	0	0	0	0	0	0
5	0	0	0	0	1	0	0	0	0	0	0	0	0	0	0	0	0	0	0	0	0	0	0	0	0	0	0	0	0	0
6	0	0	0	0	0	1	0	0	0	0	0	0	0	0	0	0	0	0	0	0	0	0	0	0	0	0	0	0	0	0
7	0	0	0	0	0	0	1	0	0	0	0	0	0	0	0	0	0	0	0	0	0	0	0	0	0	0	0	0	0	0
8	0	0	0	0	0	0	0	1	0	0	0	0	0	0	0	0	0	0	0	0	0	0	0	0	0	0	0	0	0	0
9	0	0	0	0	0	0	0	0	1	0	0	0	0	0	0	0	0	0	0	0	0	0	0	0	0	0	0	0	0	0
10	0	0	0	0	0	0	0	0	0	1	0	0	0	0	0	0	0	0	0	0	0	0	0	0	0	0	0	0	0	0
11	0	0	0	0	0	0	0	0	0	0	1	0	0	0	0	0	0	0	0	0	0	0	0	0	0	0	0	0	0	0
12	0	0	0	0	0	0	0	0	0	0	0	1	0	0	0	0	0	0	0	0	0	0	0	0	0	0	0	0	0	0
13	0	0	0	0	0	0	0	0	0	0	0	0	1	0	0	0	0	0	0	0	0	0	0	0	0	0	0	0	0	0
14	0	0	0	0	0	0	0	0	0	0	0	0	0	1	0	0	0	0	0	0	0	0	0	0	0	0	0	0	0	0
15	0	0	0	0	0	0	0	0	0	0	0	0	0	0	1	0	0	0	0	0	0	0	0	0	0	0	0	0	0	0
16	0	0	0	0	0	0	0	0	0	0	0	0	0	0	0	1	0	0	0	0	0	0	0	0	0	0	0	0	0	0
17	0	0	0	0	0	0	0	0	0	0	0	0	0	0	0	0	1	0	0	0	0	0	0	0	0	0	0	0	0	0
18	0	0	0	0	0	0	0	0	0	0	0	0	0	0	0	0	0	1	0	0	0	0	0	0	0	0	0	0	0	0
19	0	0	0	0	0	0	0	0	0	0	0	0	0	0	0	0	0	0	1	0	0	0	0	0	0	0	0	0	0	0
20	0	0	0	0	0	0	0	0	0	0	0	0	0	0	0	0	0	0	0	1	0	0	0	0	0	0	0	0	0	0
21	0	0	0	0	0	0	0	0	0	0	0	0	0	0	0	0	0	0	0	0	1	0	0	0	0	0	0	0	0	0
22	0	0	0	0	0	0	0	0	0	0	0	0	0	0	0	0	0	0	0	0	0	1	0	0	0	0	0	0	0	0
23	0	0	0	0	0	0	0	0	0	0	0	0	0	0	0	0	0	0	0	0	0	0	1	0	0	0	0	0	0	0
24	0	0	0	0	0	0	0	0	0	0	0	0	0	0	0	0	0	0	0	0	0	0	0	1	0	0	0	0	0	0
25	0	0	0	0	0	0	0	0	0	0	0	0	0	0	0	0	0	0	0	0	0	0	0	0	1	0	0	0	0	0
26	0	0	0	0	0	0	0	0	0	0	0	0	0	0	0	0	0	0	0	0	0	0	0	0	0	1	0	0	0	0
27	0	0	0	0	0	0	0	0	0	0	0	0	0	0	0	0	0	0	0	0	0	0	0	0	0	0	1	0	0	0
28	0	0	0	0	0	0	0	0	0	0	0	0	0	0	0	0	0	0	0	0	0	0	0	0	0	0	0	1	0	0
29	0	0	0	0	0	0	0	0	0	0	0	0	0	0	0	0	0	0	0	0	0	0	0	0	0	0	0	0	1	0
30	0	0	0	0	0	0	0	0	0	0	0	0	0	0	0	0	0	0	0	0	0	0	0	0	0	0	0	0	0	1
31	0	0	0	0	0	0	0	0	0	0	1	0	0	0	0	0	0	0	0	0	0	0	0	0	1	1	1	1	0	0
32	0	0	0	0	0	0	0	0	0	1	0	0	0	0	0	0	0	0	0	0	0	1	0	1	0	0	0	0	0	1
33	0	0	1	0	1	0	1	0	1	0	0	0	0	1	0	0	1	0	0	0	0	0	0	0	0	0	0	0	0	0
34	1	0	1	1	1	0	1	0	0	0	1	0	1	0	1	0	1	0	0	0	1	0	1	1	1	1	1	0	1	1
35	0	0	0	0	0	0	0	0	1	0	1	1	0	0	0	0	0	0	0	0	1	1	1	0	0	1	0	0	1	0
36	0	1	1	0	1	0	0	0	0	0	0	0	0	0	0	0	0	0	0	0	0	0	0	0	0	0	1	0	0	0
37	1	0	0	1	1	0	0	0	0	1	0	0	0	0	0	0	1	0	0	0	1	0	0	0	0	0	0	0	0	0
38	1	1	1	0	0	1	0	0	0	0	1	0	1	1	1	0	1	0	0	0	0	0	1	0	0	0	0	1	0	0
39	0	0	0	0	1	0	0	0	0	1	0	1	0	1	0	0	0	0	0	0	0	0	0	0	0	0	1	0	0	0
40	0	0	1	0	0	0	0	0	0	0	0	0	0	0	1	0	0	0	0	1	0	0	0	0	0	1	0	0	1	0
41	0	0	1	1	1	1	0	0	0	0	0	1	0	0	0	0	0	1	0	1	0	1	0	0	0	0	0	0	0	0
42	0	1	0	0	0	1	0	0	0	1	0	0	0	1	0	0	0	0	0	0	0	0	0	0	0	0	1	0	0	1
43	0	1	0	0	0	0	0	0	0	0	0	0	0	0	0	0	0	1	0	0	0	0	0	0	0	0	0	0	0	1
44	0	0	1	1	0	0	0	1	0	0	1	1	1	0	1	1	0	0	0	0	0	0	0	0	0	0	0	1	1	0
45	0	0	0	0	0	1	1	0	1	0	0	1	0	0	0	0	0	1	0	0	0	0	0	1	1	0	1	0	1	0
46	0	0	0	1	0	0	0	1	1	0	0	0	1	1	1	1	0	0	0	0	1	0	0	1	1	1	0	0	1	1
47	0	0	0	0	0	0	0	0	0	0	0	0	0	0	0	0	0	0	0	0	1	0	0	0	1	0	0	0	0	0
48	1	1	1	0	1	0	0	1	0	0	1	0	1	0	0	1	1	0	0	0	1	1	0	0	0	0	0	1	0	0
49	0	0	0	0	1	0	1	1	1	1	0	0	1	1	0	0	0	0	1	1	0	1	1	0	1	0	1	1	1	0
50	0	0	0	0	0	0	0	0	0	0	0	1	0	1	0	0	0	0	0	0	1	0	0	0	0	0	0	0	0	1
51	0	1	1	0	0	0	0	0	0	1	0	0	1	0	0	0	0	0	0	0	0	0	1	0	0	0	1	0	0	0
52	1	0	0	1	1	0	0	0	0	1	1	0	1	1	1	0	1	0	1	1	0	0	0	0	1	0	0	0	0	1
53	0	1	1	0	0	0	1	0	0	1	0	1	0	1	1	0	1	0	1	0	0	0	0	1	0	1	1	1	0	0
54	1	0	0	0	0	0	1	0	1	0	0	1	1	1	0	1	0	0	0	0	1	1	0	0	0	1	1	0	0	0
55	1	0	0	0	0	0	0	0	1	0	1	0	0	0	1	1	0	1	0	1	0	1	0	0	0	0	1	0	1	1
56	0	0	0	0	0	0	1	0	0	0	1	0	1	0	0	0	0	0	1	0	0	0	0	0	0	0	0	0	1	0
57	0	1	0	1	0	0	0	0	0	0	1	0	1	0	0	1	0	0	0	0	0	1	0	1	0	0	0	1	0	1
58	1	0	0	0	1	0	0	0	0	0	0	0	0	0	0	0	0	0	0	0	0	0	1	0	1	0	1	0	0	0
59	1	0	0	0	1	0	1	0	0	0	0	1	1	0	0	1	1	1	1	0	0	0	1	0	0	0	0	0	1	0
60	1	1	1	0	0	0	1	1	1	0	0	0	0	0	0	0	0	0	0	0	1	1	0	0	1	0	1	0	0	0
