8.2
30
1	0.01	9.63
2	0.61	1.81
3	0.71	1.01
4	0.53	9.18
5	0.92	4.97
6	0.17	6.6
7	0.77	5.53
8	0.39	9.83
9	0.98	2.31
10	0.03	5.98
11	0.02	9.53
12	0.51	5.79
13	0.82	9.89
14	0.78	9.44
15	0.75	9.74
16	0.92	5.88
17	0.32	9.19
18	0.86	7.46
19	0.18	0.4
20	0.26	8.12
21	0.3	9.43
22	0.25	7.56
23	0.5	0.32
24	0.18	5.48
25	0.23	6.56
26	0.77	5.67
27	0.05	1.02
28	0.88	3.18
29	0.56	8.84
30	0.57	2.47
60
1	1	0	0	0	0	0	0	0	0	0	0	0	0	0	0	0	0	0	0	0	0	0	0	0	0	0	0	0	0	0
2	0	1	0	0	0	0	0	0	0	0	0	0	0	0	0	0	0	0	0	0	0	0	0	0	0	0	0	0	0	0
3	0	0	1	0	0	0	0	0	0	0	0	0	0	0	0	0	0	0	0	0	0	0	0	0	0	0	0	0	0	0
4	0	0	0	1	0	0	0	0	0	0	0	0	0	0	0	0	0	0	0	0	0	0	0	0	0	0	0	0	0	0
5	0	0	0	0	1	0	0	0	0	0	0	0	0	0	0	0	0	0	0	0	0	0	0	0	0	0	0	0	0	0
6	0	0	0	0	0	1	0	0	0	0	0	0	0	0	0	0	0	0	0	0	0	0	0	0	0	0	0	0	0	0
7	0	0	0	0	0	0	1	0	0	0	0	0	0	0	0	0	0	0	0	0	0	0	0	0	0	0	0	0	0	0
8	0	0	0	0	0	0	0	1	0	0	0	0	0	0	0	0	0	0	0	0	0	0	0	0	0	0	0	0	0	0
9	0	0	0	0	0	0	0	0	1	0	0	0	0	0	0	0	0	0	0	0	0	0	0	0	0	0	0	0	0	0
10	0	0	0	0	0	0	0	0	0	1	0	0	0	0	0	0	0	0	0	0	0	0	0	0	0	0	0	0	0	0
11	0	0	0	0	0	0	0	0	0	0	1	0	0	0	0	0	0	0	0	0	0	0	0	0	0	0	0	0	0	0
12	0	0	0	0	0	0	0	0	0	0	0	1	0	0	0	0	0	0	0	0	0	0	0	0	0	0	0	0	0	0
13	0	0	0	0	0	0	0	0	0	0	0	0	1	0	0	0	0	0	0	0	0	0	0	0	0	0	0	0	0	0
14	0	0	0	0	0	0	0	0	0	0	0	0	0	1	0	0	0	0	0	0	0	0	0	0	0	0	0	0	0	0
15	0	0	0	0	0	0	0	0	0	0	0	0	0	0	1	0	0	0	0	0	0	0	0	0	0	0	0	0	0	0
16	0	0	0	0	0	0	0	0	0	0	0	0	0	0	0	1	0	0	0	0	0	0	0	0	0	0	0	0	0	0
17	0	0	0	0	0	0	0	0	0	0	0	0	0	0	0	0	1	0	0	0	0	0	0	0	0	0	0	0	0	0
18	0	0	0	0	0	0	0	0	0	0	0	0	0	0	0	0	0	1	0	0	0	0	0	0	0	0	0	0	0	0
19	0	0	0	0	0	0	0	0	0	0	0	0	0	0	0	0	0	0	1	0	0	0	0	0	0	0	0	0	0	0
20	0	0	0	0	0	0	0	0	0	0	0	0	0	0	0	0	0	0	0	1	0	0	0	0	0	0	0	0	0	0
21	0	0	0	0	0	0	0	0	0	0	0	0	0	0	0	0	0	0	0	0	1	0	0	0	0	0	0	0	0	0
22	0	0	0	0	0	0	0	0	0	0	0	0	0	0	0	0	0	0	0	0	0	1	0	0	0	0	0	0	0	0
23	0	0	0	0	0	0	0	0	0	0	0	0	0	0	0	0	0	0	0	0	0	0	1	0	0	0	0	0	0	0
24	0	0	0	0	0	0	0	0	0	0	0	0	0	0	0	0	0	0	0	0	0	0	0	1	0	0	0	0	0	0
25	0	0	0	0	0	0	0	0	0	0	0	0	0	0	0	0	0	0	0	0	0	0	0	0	1	0	0	0	0	0
26	0	0	0	0	0	0	0	0	0	0	0	0	0	0	0	0	0	0	0	0	0	0	0	0	0	1	0	0	0	0
27	0	0	0	0	0	0	0	0	0	0	0	0	0	0	0	0	0	0	0	0	0	0	0	0	0	0	1	0	0	0
28	0	0	0	0	0	0	0	0	0	0	0	0	0	0	0	0	0	0	0	0	0	0	0	0	0	0	0	1	0	0
29	0	0	0	0	0	0	0	0	0	0	0	0	0	0	0	0	0	0	0	0	0	0	0	0	0	0	0	0	1	0
30	0	0	0	0	0	0	0	0	0	0	0	0	0	0	0	0	0	0	0	0	0	0	0	0	0	0	0	0	0	1
31	0	0	0	1	1	0	1	0	0	0	0	1	0	1	0	0	0	0	1	0	1	0	0	1	1	0	0	1	0	0
32	1	1	0	0	1	1	1	0	1	0	1	1	0	1	1	1	0	0	1	1	1	1	0	0	1	1	1	1	1	0
33	1	1	0	0	0	0	1	0	1	0	1	0	0	1	1	0	0	0	1	0	0	0	0	1	1	0	0	0	0	0
34	0	0	1	0	0	0	1	0	1	0	1	1	1	0	0	0	1	1	1	0	0	0	0	0	0	0	1	0	0	1
35	0	0	0	0	0	0	0	0	0	1	0	0	0	0	1	0	0	0	0	0	0	0	0	0	0	0	0	0	0	0
36	0	1	0	1	0	0	0	0	0	1	0	1	0	1	0	1	1	1	1	1	0	1	0	0	1	0	0	1	0	0
37	0	0	0	1	0	0	0	1	1	0	1	0	0	0	0	0	0	1	1	1	0	1	0	1	0	1	0	1	0	0
38	0	1	0	0	1	1	0	0	0	0	1	0	1	0	0	1	0	0	0	0	0	0	0	1	0	0	0	1	1	0
39	0	0	0	0	0	0	0	1	0	0	0	0	0	0	0	1	0	1	0	0	0	0	0	0	0	1	0	0	0	0
40	0	1	0	0	0	0	0	0	0	0	0	0	0	0	0	0	0	0	0	1	0	0	0	0	0	0	1	1	0	0
41	0	0	1	1	0	1	0	0	1	1	1	0	1	0	0	0	0	0	0	0	0	0	1	0	0	0	1	0	0	1
42	0	0	1	1	1	1	0	1	1	0	1	0	1	1	0	0	0	0	0	0	0	0	0	0	1	0	1	0	0	0
43	1	0	0	1	1	1	1	0	1	1	1	0	0	1	0	1	0	0	1	0	0	0	0	0	0	0	0	0	0	1
44	1	0	0	0	1	0	0	0	0	0	0	1	1	0	1	0	0	1	0	0	0	0	1	1	1	1	0	1	0	0
45	1	0	0	0	0	0	1	1	0	0	0	0	0	0	1	0	1	1	0	1	0	0	1	0	1	1	1	0	1	1
46	0	0	0	0	0	0	0	0	1	0	0	0	0	0	0	0	0	0	0	0	0	1	0	1	0	0	0	0	0	0
47	0	0	0	0	0	0	0	0	0	1	0	0	0	1	0	0	0	0	0	0	0	0	0	0	1	0	0	1	0	0
48	1	0	0	0	1	0	0	0	0	0	1	0	1	0	1	0	1	0	0	0	1	1	1	1	0	0	0	0	0	0
49	0	0	0	0	0	0	0	0	0	1	0	0	0	0	0	0	0	0	0	0	0	0	0	0	0	1	0	0	0	0
50	0	0	0	0	0	0	0	0	1	1	1	0	1	0	0	0	1	0	1	0	0	0	1	0	1	1	1	0	1	0
51	0	1	1	1	1	1	1	0	0	1	1	1	1	0	1	1	1	1	0	1	1	1	1	0	1	1	1	0	0	0
52	1	0	1	0	1	1	1	0	0	0	1	0	0	0	1	0	0	1	0	1	0	1	0	0	0	1	0	0	1	1
53	0	0	0	0	0	0	0	0	0	0	0	0	0	0	0	0	0	0	0	1	0	0	0	1	0	0	0	0	0	0
54	0	0	1	0	1	1	0	0	0	0	0	1	0	1	0	0	0	0	0	0	0	1	0	1	0	1	0	1	0	0
55	0	0	0	0	0	1	0	0	0	1	1	0	0	0	0	0	0	1	0	0	1	0	0	1	0	1	1	0	0	1
56	0	0	0	0	1	0	1	0	0	0	0	0	1	0	1	0	1	0	0	0	0	0	0	0	0	0	0	0	1	0
57	0	0	0	1	0	1	0	1	0	1	0	0	0	0	0	0	0	0	1	1	0	0	0	0	0	0	0	0	0	0
58	0	1	1	0	0	0	0	1	1	1	1	1	1	1	0	1	1	0	0	1	1	0	0	0	1	0	1	0	0	1
59	0	1	0	0	0	0	0	1	0	0	0	0	0	0	0	0	1	0	0	0	0	0	0	0	0	0	0	1	0	0
60	0	0	0	0	0	0	0	0	1	0	0	0	0	0	0	0	0	0	0	0	0	0	1	0	0	1	0	0	0	0
